store	chain	co_owned	state	southj	centralj	northj	pa1	pa2	shore	ncalls	empft	emppt	nmgrs	wage_st	inctime	firstinc	meals	open	hoursopen	pricesoda	pricefry	priceentree	nregisters	nregisters11	time
46	1	0	0	0	0	0	1	0	0	0	30	15	3		19		2	6.5	16.5	1.03	1.03	.51999998	3	3	0
49	2	0	0	0	0	0	1	0	0	0	6.5	6.5	4		26		2	10	13	1.01	.89999998	2.3499999	4	3	0
506	2	1	0	0	0	0	1	0	0	0	3	7	2		13	.37	2	11	10	.94999999	.74000001	2.3299999	3	3	0
56	4	1	0	0	0	0	1	0	0	0	20	20	4	5	26	.1	2	10	12	.87	.81999999	1.79	2	2	0
61	4	1	0	0	0	0	1	0	0	0	6	26	5	5.5	52	.15000001	3	10	12	.87	.76999998	1.65	2	2	0
62	4	1	0	0	0	0	1	0	0	2	0	31	5	5	26	.07	2	10	12	.87	.76999998	.94999999	2	2	0
445	1	0	0	0	0	0	0	1	0	0	50	35	3	5	26	.1	2	6	18	1.04	.88	.94	3	3	0
451	1	0	0	0	0	0	0	1	0	0	10	17	5	5	52	.25	2	0	24	1.05	.83999997	.95999998	6	4	0
455	2	1	0	0	0	0	0	1	0	0	2	8	5	5.25	13	.25	1	11	10	.73000002	.73000002	2.3199999	2	2	0
458	2	1	0	0	0	0	1	0	0	2	2	10	2	5	19	.15000001	1	11	10	.94	.73000002	2.3199999	4	4	0
462	3	1	0	0	0	0	0	1	0	0	2.5	20	3	5	13	.37	2	9	12.5	1.05	1.01	1.11	4	4	0
468	1	0	0	0	0	0	0	1	0	0	40	30	3	5	13	.17	2	6	18	.94999999	.94	.94999999	4	3	0
469	1	0	0	0	0	0	0	1	0	0	8	27	5	5	39	.25	2	6	18	.92000002	.72000003	.95999998	3	2	0
470	1	0	0	0	0	0	0	1	0	0	10.5	30	3	5.5		.30000001	2	6	18	.97000003	.83999997	.94	3	3	0
474	1	0	0	0	0	0	0	1	0	2	6	9	3	5	26	.37	2	9	12.5	1.13	.98000002	1.01	3	1	0
481	2	1	0	0	0	0	0	1	0	2	5	17.5	3	5.25	26	.25	3	11	10	.94999999	.74000001	2.53	5	4	0
483	2	1	0	0	0	0	0	1	0	0	1	15	1	5	13	.07	2	11	10	.94	.73000002	2.3199999	4	3	0
487	3	1	0	0	0	0	0	1	0	0	10	6	2	5	13	.17	2	10	11.5	1.11	.91000003	.94999999	6	3	0
488	3	0	0	0	0	0	0	1	0	1	20	13	3	5	13	.25	2	6	16	1.05	.79000002	1.01	5	5	0
489	3	0	0	0	0	0	0	1	0	2	5	23	2	5	13	.37	2	7	14	1.05	1.01	.94	4	4	0
490	3	1	0	0	0	0	0	1	0	0	10	12.5	4	5	13	.12	2	6	16	1.05	1.01	1.05	4	4	0
493	3	1	0	0	0	0	1	0	0	0	27	12	3	5	26	.25	2	6	16	1.05	.89999998	2.01	6	3	0
495	3	0	0	0	0	0	0	1	0	2	4	28	3	5	26	.25	2	7	15	1.05	1.01	.94	3	3	0
496	3	1	0	0	0	0	0	1	0	0	10	15	3	5	13	.17	2	6	16	1.05	.89999998	.73000002	5	3	0
499	4	1	0	0	0	0	0	1	0	0	0	28	5	5	26	.07	2	10	12	.89999998	.69	1.75	2	2	0
509	3	1	0	0	0	0	0	1	0	2	3	16	3	5	13	.25	2	6	16	1.05	.94999999	1.16	6	3	0
515	3	1	0	0	0	0	0	1	0	0	7	16	4	5	13	.2	2	6	16	1.05	.94	1.16	5	3	0
37	1	0	0	0	0	0	1	0	0	2	21	9	7	4.25	4	.25	2	6.5	16.5	.98000002	.83999997	.83999997	5	3	0
39	1	0	0	0	0	0	1	0	0	0	1	32	2	4.25	8		2	6.5	17.5	1.03	.73000002	.51999998	4	2	0
40	1	0	0	0	0	0	1	0	0	0	10	20	7	4.25	4	.15000001	2	6.5	16.5	.98000002	.81999999	.80000001	3	3	0
41	1	0	0	0	0	0	1	0	0	0	0	27	6	4.25	18	.2	2	6.5	16.5	.98000002	.81999999	.85000002	3	3	0
42	1	0	0	0	0	0	1	0	0	2	17	4	5	4.5			2	6.5	16.5	.98000002	.82999998	.86000001	3	3	0
45	1	0	0	0	0	0	1	0	0	0	0	24	6	4.25	2	.25	2	7	16	.98000002	.82999998	.86000001	3	3	0
47	1	0	0	0	0	0	1	0	0	2	25	15		4.5	4	.17	2	6	17	1.05	.86000001	.86000001	3	3	0
48	1	0	0	0	0	0	1	0	0	0	6	20	3	4.25	13	.2	3	7	14	1.01	.83999997	.63	4	3	0
50	2	0	0	0	0	0	1	0	0	0	6	10	3	4.5	13		2	10	12	1.01	.88999999	3.5	4	3	0
51	2	0	0	0	0	0	1	0	0	1	0	15	3	4.25		.15000001	2	10	13	1.01	.88999999	2.3499999	4	3	0
57	4	1	0	0	0	0	1	0	0	0	30	10	3	4.6700001	26	.07	2	10	12	.87	.79000002	.89999998	2	2	0
58	4	1	0	0	0	0	1	0	0	2	8	25	3	4.75	26	.15000001	2	10	12	.87	.76999998	1.01	2	2	0
59	4	0	0	0	0	0	1	0	0	3	0	15	3	4.25	26	.1	1	7.5	10.5	.91000003	.88999999	.81	2	2	0
60	4	0	0	0	0	0	1	0	0	0	10	20	5	4.25	4	.1	1	10.5	11.5	.94	.74000001	.86000001	2	2	0
408	2	1	0	0	0	0	0	1	0	0	2	12	3	4.75	52	.12	3	11	10	.94999999	.74000001	2.3299999	4	3	0
430	1	0	0	0	0	0	1	0	0	0	20	25	4	4.25	13	.15000001	2	7	15	.94999999	.75	.80000001	3	3	0
432	1	0	0	0	0	0	1	0	0	0	20	55	5	4.5	17	.15000001	2	7	16	.94	.74000001	.79000002	4	3	0
433	1	0	0	0	0	0	1	0	0	0	10	30	4	4.25	13	.15000001	2	7	16	.94999999	.73000002	.80000001	3	3	0
434	1	0	0	0	0	0	1	0	0	2	15	50	5	4.25	6	.25	2	7	16	.94999999	.75		3	3	0
435	1	0	0	0	0	0	1	0	0	1	1	37.5	3	4.25	4	.17	2	6.5	15.5	.94999999	.75	.79000002	3	3	0
438	2	0	0	0	0	0	1	0	0	2	0	9	3	4.25	52	.07	2	11	8	1.01	.83999997	2.4300001	2	1	0
440	4	0	0	0	0	0	1	0	0	2	0	25	3	4.25	19	.15000001	2	10.5	11.5	.88999999	.79000002	2.01	2	2	0
441	4	0	0	0	0	0	1	0	0	2	30	10	3	4.25	4	.25	2	10.5	11.5	.88999999	.76999998	.83999997	2	2	0
443	4	0	0	0	0	0	1	0	0	0	4	19	4	4.25	4	.25	2	10.5	11.5	.88999999	.79000002	1.8	2	2	0
444	4	0	0	0	0	0	1	0	0	2	12	20	3	4.25	19	.37	2	10.5	12.5	.88999999	.80000001	.83999997	2	2	0
446	1	0	0	0	0	0	0	1	0	2			3	4.5	4	.25	2	6	18	1.03	.83999997	.94			0
448	1	0	0	0	0	0	0	1	0	0	8	18	4	4.75	4	.25	2	6	18	.97000003	.83999997	.91000003	3	3	0
449	1	0	0	0	0	0	0	1	0	2	0	25	3	4.8699999	3.5		2	6	18				4	4	0
450	1	0	0	0	0	0	0	1	0	0	2	21	3	4.75	13	.15000001	2	6.5	16.5	.97000003	.81999999	.83999997	3	3	0
454	2	1	0	0	0	0	0	1	0	0	1	9	3	4.5	4	.15000001	2	11	10	.94	.73000002	2.53	4	3	0
459	3	1	0	0	0	0	0	1	0	0	5	20	3	4.25	13	.37	2	6	16	1.05	.89999998	.94	5		0
466	4	0	0	0	0	0	0	1	0	2	8	17.5	4	4.75	17	.30000001	3	10.5	11.5	.94	.80000001	.94	2	2	0
471	1	0	0	0	0	0	0	1	0	2	25	20	4	4.25	26		2	6	18	.97000003	.83999997	.91000003	2	2	0
472	1	0	0	0	0	0	0	1	0	2	37.5	2	3	4.25	52		2	6.5	16.5	.97000003	1.05	.91000003	3	3	0
473	1	0	0	0	0	0	0	1	0	0	5	27	4	4.75	26	.5	2	6	17	.97000003	.86000001	.88999999	3	2	0
475	1	0	0	0	0	0	0	1	0	1	25	8	3	4.5			1	7	15	1.02	.88999999	.89999998	3	3	0
476	1	0	0	0	0	0	1	0	0	2	6	30	3	4.25	52	.12	2	6	18	.94999999	.79000002	.91000003	3	3	0
477	1	0	0	0	0	0	0	1	0	1	8	28	4	4.25	39	.12	2	6.5	16.5	.97000003	.77999997	.99000001	3	3	0
478	1	0	0	0	0	0	1	0	0	0	32	25	4	4.5	13	.22	2	6	19	.97000003	.86000001	.91000003	3	3	0
485	2	1	0	0	0	0	0	1	0	2	1	9	3	4.5	26	.37	2	11	10	.94999999	.74000001	2.3299999	4	3	0
491	3	0	0	0	0	0	0	1	0	0	4	25	2	4.5	13	.37	2	8.5	13	1.05	.91000003	.94999999	3	2	0
492	3	1	0	0	0	0	0	1	0	0	2	16	3	4.5	13	.25	2	9	12.5	1.11	1.05	.94	2	1	0
497	4	1	0	0	0	0	0	1	0	0	12	15	3	4.5	13	.15000001	2	10	12	.91000003	.83999997	.83999997	2	2	0
498	4	1	0	0	0	0	0	1	0	2	20	10	3	4.75	26	.1	2	10	12	.91000003	.83999997	.85000002	2	2	0
501	1	0	0	0	0	0	0	1	0	0	14	15	3	4.25	4	.37	2	6.5	16.5	.83999997	.83999997	.94	3	3	0
503	1	0	0	0	0	0	0	1	0	2	7.5	14	4	4.75		.12	2	6.5	16.5	.97000003	.83999997	.91000003	3	3	0
510	3	1	0	0	0	0	0	1	0	0	7	25	4	4.25	26	.25	2	6	16	1.05	.91000003	1.05	3	3	0
511	3	1	0	0	0	0	0	1	0	0	4	16	3	4.75	9	.15000001	2	6	16.5	1.01	.91000003	1.05	4	4	0
514	3	0	0	0	0	0	0	1	0	0	5	20	3	4.5	26	.25	2	6	16	.94	.89999998	.94	5	3	0
516	3	1	0	0	0	0	0	1	0	2	6	22.5	3	4.75	13	.12	3	6	16	1.05	.91000003	1.05	4	3	0
521	1	0	0	0	0	0	1	0	0	0	2.5	20	3	4.25	13		2	6.5	16.5			.51999998	4	4	0
522	1	0	0	0	0	0	1	0	0	2	2	30	4	4.3499999	26	.2	3	7	16	1	.87	.94	3	3	0
113	1	0	1	0	1	0	0	0	0	0	0	22	4				2	7	16	1.0599999	.94999999	1	4		0
123	1	0	1	0	1	0	0	0	0	0	0	20	5		13		2	7	14.5	1.0599999	.94999999	1.01	2	1	0
135	3	0	1	0	1	0	0	0	0	0	10	20	4		26		0	9	12.5				5	3	0
138	3	1	1	0	0	1	0	0	0	0	4.5	25.5	2				2	10	11.5	1.12	1.0700001	1.0599999	6		0
153	1	0	1	0	0	1	0	0	0	0	0	25	9		52	.15000001	1	7	17	1	.94999999	.88999999	4	3	0
181	2	0	1	0	0	1	0	0	0	0	0	13	3				1	10.5	11	.91000003	.79000002	2.3399999	3	2	0
191	4	0	1	0	0	1	0	0	0	0	30	20	4				2	10.5	12	1.0599999	.94999999	1.0599999		1	0
231	1	0	1	0	0	1	0	0	0	1		10	3		26		2	7	16	1.02	1.02	.94999999	2	2	0
236	1	0	1	0	0	1	0	0	0	3	0	34	4		17		1	7	17	1.1799999	1.02	1.0599999	4	3	0
254	4	0	1	1	0	0	0	0	1	0	20	10	3		16		1	7	16	1.0599999	.86000001	1.0599999	2	2	0
255	4	0	1	1	0	0	0	0	0	2	0	14	3		52	.27000001	1	7	14	1.01	.79000002	.85000002	2	2	0
294	1	0	1	0	0	1	0	0	0	3	0	35	3		26	.2	2	7	16	1.0599999	.94999999	.94999999	3	3	0
306	3	1	1	0	0	1	0	0	0	0	15	15	3		17		2	6	17	1.02		1.0599999	4	4	0
311	4	0	1	0	0	1	0	0	0	2	0	30	4		26	.31999999	2	10.5	11.5	.91000003	.91000003	1.0599999	2	2	0
315	1	0	1	1	0	0	0	0	0	0	5	19	2		4	.25	3	7	16	1	.85000002	.88	3	2	0
335	1	1	1	1	0	0	0	0	0	0	9	10	3		13	.17	1	6	17	1.0599999	.92000002	.92000002	5	2	0
372	1	1	1	0	0	1	0	0	0	2	0	45	5		26	.15000001	3	6.5	19	1.1	.94999999	1.1	4		0
6	3	1	1	0	1	0	0	0	0	2	2	2	2	5	13	.25	1	11	7	1.2	1.17	2.3499999	4	2	0
14	2	0	1	0	1	0	0	0	0	0	10	8	2	5.1199999	6	.25	3	11	11	1.0599999	.85000002	2.49	6	5	0
26	1	0	1	0	0	1	0	0	0	3	30	15	4	5.5599999	6		2	7	16	1.0599999	.91000003	.98000002	4	2	0
27	2	1	1	0	1	0	0	0	0	2	4	10	4	5		.37	1	11	10	1.0599999	.85000002	2.3399999	4	3	0
30	2	0	1	0	0	1	0	0	0	4	6	4	2	5	13	.37	1	11	10	1.0599999	1.0599999	2.53	2	2	0
31	2	0	1	0	1	0	0	0	0	2	4	16	3	5.25	13	.15000001	2	11	11	1.03	1.0599999	2.5599999	4	3	0
33	3	0	1	0	0	1	0	0	0	0	12	20	4	5	26	.25	2	6	17	1.02	1.0700001	.94999999	5	4	0
36	4	0	1	0	1	0	0	0	0	0	8	12	4	5.5	30	.17	2	10.5	13	1.02	.91000003	2.5699999	2	2	0
77	3	0	1	0	0	1	0	0	0	0	6	50	4	5	4	.15000001	2	6	19	1.1799999	1.0700001	1.17	6	5	0
78	3	1	1	0	0	1	0	0	0	0	13	10	3	5	26	.15000001	2	6	17	1.12	1.02	1.02	4	2	0
81	4	0	1	0	0	1	0	0	0	4	25	13	3	5	26	.1	2	10	12	1.0599999	.98000002	1.0599999	2	2	0
82	4	0	1	0	0	1	0	0	0	6	8	14.5	3	5	13	.37	2	10.5	13.5	1.0599999	1.03	1.0599999	2	2	0
83	4	0	1	0	0	1	0	0	0	2	12.5	20	2	5	13	.25	2	10.5	13.5	1.0599999	.98000002	2.1300001	2	2	0
85	1	0	1	0	1	0	0	0	1	3	7	20	3	5.5	26	.51999998	1	9	12.5	1.12	1.02	1.02	5	4	0
89	1	1	1	0	1	0	0	0	0	2	10	6	3	5	13	.17	2	7	16	1.09	.94999999	1.04	3	2	0
94	2	0	1	0	1	0	0	0	0	2	0	25	5	5	26	.25	3	11	10	1.0599999	.80000001	2.5599999			0
103	4	0	1	0	0	1	0	0	0	2	12.5	10	3	5	26	.27000001	2	10.5	11.5	.91000003	.85000002	.94999999	2	2	0
112	4	0	1	0	0	1	0	0	0	0	4	26	3	5	13	.2	2	10	14	1.0599999	.98000002	1.0599999	2	2	0
128	2	1	1	0	1	0	0	0	0	3	6.5	7.5	2	5		.15000001	2	11	11	1.0599999	.85000002	2.3399999	4	2	0
129	3	0	1	0	1	0	0	0	0	3	20	20	3	5.25	26	.050000001	2	6	16	1.1	1	.74000001	6	4	0
131	3	0	1	0	1	0	0	0	0	2	15	25	4	5.5	4	.37	2	6	17	1.0599999	1.0599999	1.0599999	5	2	0
139	4	0	1	0	1	0	0	0	0	0			2	5.5			2	10.5	12.5	.94999999	.94999999	1.0599999	2	1	0
143	4	0	1	0	1	0	0	0	0	3	0	30	3	5.3699999	26	.25	2	10.5	11.5	.94999999	.94999999	1.0599999	2	2	0
144	4	0	1	0	1	0	0	0	0	2	10	30	3	5.0500002	26	.15000001	2	10.5	12.5	.91000003	.85000002	1.0599999	2	2	0
145	1	0	1	0	0	1	0	0	0	0	5	17	3	5	13	.15000001	2	7	16	1.0599999	.94999999	.94999999	3	2	0
147	1	0	1	0	0	1	0	0	0	0	8.5	6.5	3	5.1199999	8	.25	2	7	14	1.12	.88999999	.94999999	2	2	0
148	1	0	1	0	0	1	0	0	0	4	4.5	30	4	5.25	26	.17	2	7	17	1.0599999	.94999999	.94999999	3	2	0
151	1	0	1	0	0	1	0	0	0	0	1	12	3	5	12	.1	2	7	15	1.09	.81	1.04	3	3	0
152	1	0	1	0	0	1	0	0	0	0	35	15	4	5.1199999	9	.67000002	1	7	15	1.17	.94999999	1.02	3	2	0
157	2	0	1	0	0	1	0	0	0	0	10	5	3	5	26	.25	1	10.5	12	.91000003	.85000002	2.3399999	3	3	0
161	3	1	1	0	0	1	0	0	0	0	8	25	4	5	19	.15000001	2	6	17	1.12	1.02	1.0599999	7	3	0
163	3	1	1	0	0	1	0	0	0	0	12	18	3	5	13	.15000001	2	6	16.5	1.2	1.0700001	1.0599999	3	3	0
164	3	1	1	0	0	1	0	0	0	0	4	30	4	5	26	.1	2	5	19	1.12	1.02	1.0599999	5	3	0
165	4	0	1	0	0	1	0	0	0	1	20	10	3	5	15	.27000001	2	10.5	12.5	1.0599999	.88999999	1.0599999	3	2	0
169	1	1	1	0	0	1	0	0	0	0	12	33	4	5	13	.25	2	7	16	1.1	.94	1.04	3	3	0
170	1	1	1	0	0	1	0	0	0	1	10	20	3	5	52	.51999998	2	7	16	1.1	1.02	1.08	3	2	0
187	3	0	1	0	0	1	0	0	1	0	4	20	3	5.6199999	26	.51999998	2	7	15	1.12	1.09	1.0599999	4	3	0
190	3	1	1	0	0	1	0	0	0	0	5	42	4	5	26	.12	2	6	16	1.02	1.0700001	1.0599999	5		0
196	4	1	1	0	0	1	0	0	0	0	8	19	4	5	26	.2	2	10.5	11.5	.94999999	.85000002	1.0599999	2	2	0
197	1	0	1	0	0	1	0	0	0	0	23	10	4	5	26	.25	2	7	17	.99000001	.88999999	.88999999	3	2	0
234	1	0	1	0	0	1	0	0	0	2	0	10	3	5	26		2	7	16	1.12		.49000001	2	2	0
240	3	1	1	0	0	1	0	0	0	0	15	35	3	5.0999999	26	.25	2	6	17	1.1799999	1.02	1.0599999	6	4	0
241	3	0	1	0	0	1	0	0	0	2	15	25	4	5	13	.37	2	7	16	1.12	1.02	1.0599999	5	5	0
242	3	1	1	0	0	1	0	0	0	0	25	10	3	5.25	13	.25	2	6	17	1.1	1.02	1.0599999	5	4	0
245	3	0	1	0	0	1	0	0	0	3	15	8	3	5.5			1	8.5	13.5	1.2	1.02	1.02	4	2	0
259	1	0	1	1	0	0	0	0	0	0	13	12	4	5	4	.25	2	7.5	14.5	1.02	.85000002	.85000002	3	3	0
268	1	1	1	1	0	0	0	0	0	1	10	18	4	5	26	.17	2	7	15	1.02	.85000002	.85000002	5	4	0
271	2	1	1	1	0	0	0	0	0	3	0	13	2	5	13	.1	2	11	11	1.02	.79000002	2.3399999	4	2	0
272	2	1	1	1	0	0	0	0	0	4	4	11	3	5.0500002	4	.2	1	11	11	.94999999	.74000001	2.3399999	4	2	0
274	2	1	1	1	0	0	0	0	0	0	0	15	2	5.5	26	.12	2	11	10	.91000003	.74000001	2.3399999	4	3	0
276	2	1	1	1	0	0	0	0	0	3	5	10	3	5	26	.25	2	11	10.5	.94999999	.74000001	2.1900001	4	3	0
296	1	1	1	0	0	1	0	0	0	0	5	16	4	5.3000002	26	.25	2	7	16	1.0599999	.94999999	1.01	3	3	0
299	2	1	1	0	0	1	0	0	0	0	3	8	2	5	26		1	10.5	11.5	1.0599999	.85000002	2.3399999	3	2	0
301	2	1	1	0	0	1	0	0	0	4	8	12	5	5	11	.36000001	3	11	10.5	1.0599999	.85000002	2.3399999	3	1	0
320	2	0	1	1	0	0	0	0	1	0	5	9	2	5	13	.12	2	11	12	1.12	.80000001	2.45	4	4	0
321	2	0	1	1	0	0	0	0	1	0	3	14	3	5		.25	2	10.5	12.5	1.12	.85000002	2.45	4	2	0
324	3	0	1	1	0	0	0	0	0	2	20	46	5	5.25	26	.2	2	0	24	1.1799999	1.0599999		5	2	0
326	3	1	1	1	0	0	0	0	1	3	18	45	5	5.1500001	11	.15000001	2	0	24	1.26	.99000001		4	3	0
330	4	0	1	1	0	0	0	0	1	0	4	16	3	5.4200001	13	.12	1	10.5	15.5	1.01	.86000001	.94999999	2	2	0
334	1	0	1	1	0	0	0	0	0	0	10	10	3	5	4	.17	3	9	12.5	.91000003	.91000003	.91000003	3	3	0
349	3	1	1	1	0	0	0	0	0	1	2.5	27	5	5	6	.15000001	2	6	16	1.12	.91000003	.94999999	3	3	0
354	4	0	1	1	0	0	0	0	0	3	14	7	3	5.0599999	4	.25	1	10.5	10.5	.94999999	.86000001	.94999999	2	2	0
356	4	0	1	1	0	0	0	0	0	3	11.5	10	4	5.0500002	13		1	10.5	11.5	.94999999	.80000001	1.0599999	2	2	0
357	4	0	1	0	0	1	0	0	0	1	4.5	20	3	5	16	.2	1	10.5	11.5	.94999999	.86000001	.94999999	2	2	0
371	1	0	1	0	0	1	0	0	0	0	12	23	4	5	13	.15000001	2	7	16	1.0599999	1.02	.94999999	3	3	0
373	1	1	1	0	0	1	0	0	0	0	14	12	4	5	4	.25	2	6.5	15.5	1.01	.94999999	1.03	6	3	0
375	1	0	1	0	0	1	0	0	0	3	25	10	4	5.25	26	.25	1	7	15	1.02	.80000001		4	2	0
378	1	1	1	0	0	1	0	0	0	4	10	8	4	5	52	.1	2	6.5	18.5	1.1	.95999998	1.1	5	5	0
381	1	0	1	0	0	1	0	0	0	0	10	20	4	5	13	.5	2	6.5	16.5	1.27	1.17	1.1	4	2	0
403	3	1	1	0	0	1	0	0	0	2	13	31		5.0500002	26	.15000001	2	6	18	1.09	1.12	1.0599999	5	4	0
406	4	1	1	0	0	1	0	0	0	0	12	35	4	5		.31999999	1	10.5	11.5	1.02		2.1400001	2	2	0
407	4	1	1	0	0	1	0	0	0	2	5	10	2	5.75	26	.15000001	2	11	10.5	1.17	1.17	1.38	1	1	0
409	1	0	1	0	0	1	0	0	0	0	3	60	2	5	39		1	7	15	1.1900001	.87	.94999999	3	3	0
1	1	0	1	0	1	0	0	0	0	0	16	30	4	4.5		.25	3	7	16	.93000001	.82999998	.85000002	4	3	0
2	1	0	1	0	1	0	0	0	0	0	10	6	3	4.75	26	.5	1	7	14	1.0599999	.91000003	.95999998	2	2	0
3	2	0	1	0	1	0	0	0	0	3	6	13	3	4.25	13	.25	2	11	10	1.0599999	.94999999	3.0899999	5	3	0
4	3	0	1	0	1	0	0	0	0	0	10	12	3	4.75	4	.25	2	9	12.5	1.0599999	1	2.1300001	8	4	0
5	3	0	1	0	1	0	0	0	0	0	5	30	4	4.5	13	.17	1	6	17	.94999999		2.1300001	5	4	0
8	4	0	1	0	1	0	0	0	0	0		25	4	4.8000002		.15000001	1	10.5	12	1.02	.91000003	2.28	2	1	0
9	1	0	1	0	1	0	0	0	0	2	12	40	4	4.3699999	26	.15000001	2	7	16	1.04	.67000002	.85000002	4	4	0
10	1	0	1	0	1	0	0	0	0	0	15	20	4	4.25	39	.17	2	7	16	1.04	.85000002	.85000002	3	3	0
11	1	0	1	0	1	0	0	0	0	2	10	30	4	4.25	26	.1	2	7	16	1.09	.88999999	.91000003	3	3	0
12	1	0	1	0	1	0	0	0	0	0	6.5	23.5	3	4.3699999	9	.1	2	7	16	1.05	.79000002	.91000003	3	3	0
13	2	0	1	0	1	0	0	0	0	0	0	25	3	4.5	7	.25	2	11	10	1.0599999	.94999999	2.6600001	5	4	0
15	3	0	1	0	1	0	0	0	0	3	3	25	4	4.5999999	9	.15000001	2	6	17	1.02	.98000002	.94999999	5	4	0
16	3	0	1	0	1	0	0	0	0	0	6	22	4	4.5	13	.25	2	6	17	1	1		5	5	0
17	3	0	1	0	1	0	0	0	0	0	0	20	4	4.3699999	13	.25	2	6	17	1.0599999	1	2.02	6	5	0
18	3	0	1	0	1	0	0	0	0	2	15	25	3	4.25	13		2	6	17				4	4	0
19	1	0	1	1	0	0	0	0	0	3	4	31	4	4.25	4	.25	2	6	16	1.05	.91000003	.93000001	3	3	0
21	2	0	1	1	0	0	0	0	0	0	5	12	3	4.4499998	6	.1	2	10.5	10.5	1.0599999	.80000001	2.1300001	3	3	0
22	3	0	1	1	0	0	0	0	0	2	3	15	4	4.3499999	26	.12	2	7	16	1.0599999	.83999997	.94999999	4	1	0
23	1	0	1	0	0	1	0	0	0	2	0	25	3	4.5	26	.12	2	7	16	1.0599999	.94999999	.94999999	3	2	0
24	1	0	1	0	1	0	0	0	0	2	15	15	4	4.75	13	.25	2	7	16	1.0599999	.94999999	1.01	4	3	0
28	2	0	1	0	0	1	0	0	0	6	0	14	1	4.5		.25	2	11	10	1.0599999	1.17	2.5599999	2	1	0
29	2	0	1	0	0	1	0	0	0	3	0	7	2	4.5	4	.25	2	11	11	1.0599999	1.01	2.5599999	3	2	0
32	3	0	1	0	0	1	0	0	0	0	10	20.5	3	4.5	26	.25	2	10.5	11.5	1.12	1.02	1.0599999	4	3	0
34	3	1	1	0	0	1	0	0	0	0	5	15	3	4.9499998	26		2	10.5	11.5	1.12	1.02	1.0599999	5	3	0
35	4	0	1	0	0	1	0	0	0	2	25	6.5	4	4.5	9	.25	2	10.5	11.5	.95999998	.94999999	2.1300001	2	2	0
38	1	0	1	0	1	0	0	0	0	0	15	20	5	4.25	17	.15000001	2	6	17	1.05	.94999999	.98000002	3	2	0
63	1	1	1	0	0	1	0	0	0	1	26	6		4.25	26		2	6	18	1.1	.97000003	1.17	4	3	0
64	1	0	1	0	0	1	0	0	0	1	20	15	3	4.5	26	.2	3	7	16	1.0599999	.94999999	.94999999	3	2	0
65	1	0	1	0	0	1	0	0	0	5	0	20	4	4.8000002	52	.25	2	6.5	15.5	1.0599999	.85000002	1.11	3	3	0
66	1	0	1	0	0	1	0	0	0	0	15	18	3	4.25	26	.15000001	2	7	17	1.0599999	.94999999	.94999999	3	2	0
67	1	0	1	0	0	1	0	0	0	0	5	15	6	4.5	13	.25	1	8	13.5	1.17	1.0599999	1.17	3	2	0
68	1	0	1	0	0	1	0	0	0	1	30	10	3	4.25	14	.050000001	3	7	17	1.0700001	1.02	1.02	3	3	0
69	1	0	1	0	0	1	0	0	0	0	0	27	3	4.25	13	.22	2	7	18	1.17	.94999999	.94999999	4	2	0
70	1	0	1	0	0	1	0	0	0	0	35	20	5	4.5	13	.27000001	1	7	16	1.0599999	.94999999	1.02	3	3	0
71	1	0	1	0	0	1	0	0	0	1	0	35	3	4.75	13	.25	3	7	17	1.0599999	.94999999	.94999999	3	2	0
73	2	0	1	0	0	1	0	0	0	1	0	7	3	4.25		.75	3	11	12	1.0599999	1.0599999	2.45	3	2	0
75	2	0	1	0	0	1	0	0	0	0	3	15	3	4.25	4	.25	2	11	11	1.17	1.27	2.77	3	3	0
76	3	1	1	0	0	1	0	0	0	0	8	32	4	4.25	26	.2	2	6	17	1.12	1.02	1.02	6	3	0
79	3	1	1	0	0	1	0	0	0	4	6	25	3	4.5	26	.15000001	2	6	17	1.17	1.02	1.0599999	5	4	0
80	4	0	1	0	0	1	0	0	0	1	4.5	20		4.25	26	.25	2	10.5	11.5	1.0599999	.98000002	1.0599999	2	2	0
84	1	0	1	0	1	0	0	0	0	3	4	30	5	4.5	26	.15000001	2	7	16	1.04	.85000002	.91000003	4	2	0
86	1	0	1	0	1	0	0	0	0	1	11	11	4	4.25	13	.25	3	7	15	1.0599999	.94	1.1	3	3	0
87	1	0	1	0	1	0	0	0	1	0	0	15		4.5	26		2	7	15	1.0599999	.86000001	1.02	3	3	0
88	1	0	1	1	0	0	0	0	0	0	3	35	3	4.25			3	7	15	1.0599999	.87	.91000003	5	5	0
91	1	1	1	0	1	0	0	0	1	2	8	22	4	4.25	8	.15000001	2	7	17	1.09	.93000001	1.04	3	3	0
92	1	1	1	0	1	0	0	0	1	0	4	18	4	4.25	13	.75	2	7	15	1.09	.94999999	1.03	3	3	0
93	1	1	1	0	0	1	0	0	0	0	2.5	30	3	4.25	52	.15000001	2	7	16			.95999998			0
95	2	0	1	0	1	0	0	0	0	1	18	3	4	4.25	26	.27000001	1	11	10	1.0599999	.80000001	2.5599999	4	3	0
96	2	0	1	0	0	1	0	0	0	2	0	15	2	4.25	26	.12	2	11.5	10	1.0599999	1.01	2.6600001	3	2	0
97	2	0	1	0	1	0	0	0	0	2	0	12	4	4.25	13	.25	2	11	10	1.02	.75	2.5599999	3	2	0
98	2	0	1	0	1	0	0	0	1	0	0	20	4	4.25	13	.40000001	3	11	10	1.0599999	.80000001	2.5599999	3	3	0
99	3	1	1	0	1	0	0	0	1	0	60	40	5	4.75	26	.15000001	2	0	24	1.23		2.3	8	6	0
101	3	0	1	0	1	0	0	0	1	3	4.5	15	3	4.75	26	.15000001	2	7	15	1.2	1.1799999	1.0599999	6	4	0
102	3	0	1	1	0	0	0	0	0	2	12	13	3	4.4000001	52	.2	2	7	16	1.0599999	.91000003	1.0700001	6	4	0
104	4	0	1	0	1	0	0	0	1	0	40	20	3	4.6199999	4	.31999999	2	10.5	11.5	.94999999	.83999997	.94	2	2	0
105	1	0	1	0	0	1	0	0	0	2	0	40	4	4.25	10		2	6.5	16.5	.95999998	1	1.03	4	2	0
106	1	0	1	0	0	1	0	0	0	0	0	35	3	4.25	26	.27000001	3	7	16	1.0599999	.94999999	.94999999	2	1	0
107	1	1	1	0	0	1	0	0	0	0	6	11	3	4.25	8	.31999999	1	8	14.5	1.17	.94999999	.94999999	3	3	0
108	1	0	1	0	0	1	0	0	0	2	13.5	15	4	4.25	26	.37	1	7	17	1.27	1.01	1.0599999	3	3	0
111	3	0	1	0	0	1	0	0	0	0	17	14	3	4.25	2	.41999999	3	7	16	1.17	1.0599999	1.01	5	5	0
114	1	0	1	0	1	0	0	0	0	2	0	35	5	4.75	26	.56999999	2	7	16	1.0700001	.94999999	.94999999	3		0
115	1	0	1	0	1	0	0	0	0	0	20	25	4	4.75	4	.30000001	1	7	17	1.0599999	.94999999	1.0599999	4	3	0
116	1	0	1	0	1	0	0	0	0	0	4	22.5	2	4.25	18	.37	2	8.5	13	1.49	1.02	1.11	7	3	0
118	1	0	1	0	0	1	0	0	0	3	10	15	4	4.25	26	.15000001	2	7	15	1.0599999	.94999999	1.01	4	2	0
119	1	0	1	0	0	1	0	0	0	2	12	19	3	4.75	13	.27000001	3	6.5	16.5	1.0599999	.91000003	.94999999	3	3	0
120	1	1	1	0	1	0	0	0	0	3	0	32	3	4.5			2	7	16	1.13	.98000002	1.04	3	2	0
122	1	0	1	0	0	1	0	0	0	0	1	38	5	4.25	4	.2	1	9	12.5		1.12	1.12	5	3	0
124	1	0	1	0	1	0	0	0	0	1	8	10	3	4.25	13	.25	2	8	15	1.0599999	.91000003	1.04	2	2	0
125	2	0	1	0	1	0	0	0	0	0	15	0	4	4.5	26	.25	1	10	12.5	.91000003	.85000002	2.3399999	3	2	0
130	3	1	1	0	1	0	0	0	0	2	7	25.5	3	4.5	19	.30000001	2	5	18	1.12	1.0700001	1	4	3	0
132	3	1	1	0	1	0	0	0	0	0	20	20	5	4.5	26	.25	2	0	24	1.28	1.0599999	2.3	5	3	0
133	3	1	1	0	1	0	0	0	0	0	6	16	2	4.75	26		2	6	17	1.12	1.0700001	1.0599999	4	3	0
134	3	0	1	0	1	0	0	0	0	2	5.5	25	3	4.6199999			2	6	16	1.09		.94999999	4	3	0
136	3	1	1	0	1	0	0	0	0	2	14.5	14.5	5	4.25	21	.27000001	2	6	17	1.12	1.0700001	1.1	5	4	0
137	3	1	1	0	0	1	0	0	0	3	15	25	3	4.25	26	.15000001	2	6	16	1.12	1.0599999	1.02	6	4	0
140	4	0	1	0	1	0	0	0	0	0	0	40	3	4.5	26	.37	2	10.5	11.5	.91000003	.86000001	1.0599999	2	2	0
141	4	0	1	0	1	0	0	0	0	0	10	15	4	4.75	13	.27000001	2	10.5	12.5	1.02	.91000003	1.0599999	2	2	0
142	4	0	1	0	0	1	0	0	0	0	15	35	4	4.25	26	.15000001	2	10	11.5	1.0599999	.94999999	1.0599999	2	2	0
146	1	0	1	0	0	1	0	0	0	3	8	20	5	4.8000002	26	.25	2	7	16	1.0599999	1	1.0599999	4	3	0
149	1	0	1	0	0	1	0	0	0	1	0	20	4	4.5	26	.27000001	3	7	16	1.0599999	.94999999	.94999999	2	1	0
150	1	0	1	0	0	1	0	0	0	2	0	27.5	3.5	4.6700001	26	.27000001	2	7	16	1.23	.88999999	.88999999	3	3	0
156	1	0	1	0	0	1	0	0	0	0	8	15	3	4.8699999	6	.25	1	7	15	1.0599999	.94999999	1.02	8	3	0
158	2	0	1	0	0	1	0	0	0	1	2	7	3	4.5	4	.12	1	11	10	.92000002	.69999999	2.3399999	3	3	0
159	2	0	1	0	0	1	0	0	0	8	6	12	2	4.5	4	.12	1	10.5	10.5	.98000002	.85000002	2.3399999	3	3	0
162	3	1	1	0	0	1	0	0	0	2	0	40	3	4.75	26	.17	2	6	16.5	1.12	1.02	1.0599999		1	0
166	4	0	1	0	0	1	0	0	0	0	8	32	5	4.75	26	.25	2	10.5	11.5	.94999999	.85000002	1.0599999	2	2	0
168	1	0	1	0	0	1	0	0	0	0	5	20	4	4.25	4	.25	1	7	15	1.0599999	.94999999	.94999999	3	3	0
171	1	1	1	0	0	1	0	0	1	0	2	32	3	4.25	8	.25	2	7	16	1.09	.94999999	1.04	3	3	0
172	1	0	1	0	0	1	0	0	0	0	0	24	5	4.75	13	.25	1	9	12.5	1.12	1.02	1.0599999	5	4	0
173	1	0	1	0	0	1	0	0	0	3	6	40	10	4.8499999	26	.15000001	2	6.5	17.5	1.0599999	.94999999	.98000002	4	3	0
174	1	0	1	0	0	1	0	0	1	2	11	20	4	4.75	26	.15000001	2	7	16	1.1799999	.88	.98000002	4	3	0
176	1	0	1	0	0	1	0	0	0	0	15	21	4	4.6199999	13	.12	1	7	16	1.0599999		1.05	4	4	0
178	2	1	1	0	0	1	0	0	1	0	13	12	3	4.25	52	.2	1	11	10	.91000003	.85000002	2.3399999	3	2	0
179	2	0	1	0	0	1	0	0	0	2	2	12	3	4.25	13	.25	1	10.5	10.5	.91000003	.91000003	2.3399999	3	3	0
180	2	0	1	0	0	1	0	0	1	0	8	3	4	4.5	26	.25	2	11	11	1.0599999	1.01	2.6600001	4	2	0
182	2	0	1	1	0	0	0	0	1	0	3	15	3	4.5	4	.25	2	11	11	1.0599999	1.01	2.6600001	4	3	0
183	2	0	1	0	0	1	0	0	0	0	12	4	4	4.6199999	20	.33000001	3	11	11	1.0599999	1.01	2.6600001	4	3	0
185	2	0	1	0	1	0	0	0	1	0	2	9	3	4.5	13	.2	2	11	10.5	1.0599999	1.01	2.6600001	4	4	0
186	3	0	1	0	0	1	0	0	0	3	10	20	4	4.75	26	.15000001	2	6	16	1.12	1.02	.94999999	5	3	0
189	3	0	1	0	0	1	0	0	0	0	4	15	3	4.75	39	.2	2	7	15	1.12	1.0700001	1.12	4	2	0
192	4	0	1	0	0	1	0	0	0	2	20	10	4	4.8699999	26	.17	2	10	12	.91000003	.85000002	1.0599999	2	2	0
193	4	0	1	0	0	1	0	0	1	3	1	13	3	4.5	13	.12	2	10	11	.94999999	.85000002	.99000001	2	1	0
195	4	0	1	0	0	1	0	0	1	3	0	30	3	4.25	26		2	10.5	11.5	1.0599999	.85000002	1.0599999	2	2	0
198	1	0	1	0	0	1	0	0	0	0			4	4.25	4	.12	3	7	16	1.0599999	.94999999	.94999999	3	3	0
199	2	0	1	0	0	1	0	0	0	0	0	12	3	4.3499999		.12	1	11	10	.85000002	.80000001	2.3399999	4	3	0
200	1	0	1	0	0	1	0	0	0	0	0	60	3	4.25	9	.2	2	6	18	1.0599999	.91000003	.98000002	4	3	0
201	1	0	1	0	0	1	0	0	0	0	0	33	3	4.5	26	.34999999	2	7	17	1.0599999	1.02	.94999999	3	3	0
202	1	0	1	0	0	1	0	0	0	2	30	14	4	4.25	4	.37	2	6	19	1.17	.94999999	.63	3	3	0
203	1	0	1	0	0	1	0	0	0	2	9	12	2	4.25	26	.15000001	2	7	17	1.0599999	.94999999	.94999999	3	3	0
204	1	0	1	0	0	1	0	0	0	0	10	8.5	4	4.25	13	.27000001	2	6.5	17.5	1.0599999	1	1.0599999	3	3	0
207	2	1	1	0	0	1	0	0	0	0	8	10	4	4.75	8	.25	1	11	12	1.0599999	.85000002	2.3399999	4	2	0
208	3	1	1	0	0	1	0	0	0	1	12	32	4	4.6199999	26	.15000001	2	6	17	1.1900001	.94	.85000002	4	4	0
209	3	1	1	0	0	1	0	0	0	0	4	36	4	4.25	26	.12	2	6	18	1.17	.94999999	.94999999	5	5	0
210	4	1	1	0	0	1	0	0	0	3	0	19	2	4.5	13	.17	2	10.5	11.5	1.0599999	.94999999	.94999999	4	2	0
211	1	0	1	1	0	0	0	0	0	2	3	28	4	4.5	13		2	7	15	1.02	.94999999	.94999999	3	3	0
212	1	0	1	1	0	0	0	0	0	0	11	17.5	3	4.5	13	.17	1	7	16	1.0599999	.88	.83999997	3	2	0
213	1	1	1	1	0	0	0	0	0	1	4.5	20	4	4.5500002	4	.15000001	2	6.5	17.5	.95999998	.93000001	.93000001	4	3	0
214	1	0	1	1	0	0	0	0	0	0	2	30	3	4.6199999	6.5	.25	2	7	16	1.02	.88999999	.91000003	2	2	0
215	1	0	1	1	0	0	0	0	0	0	10	10	3	4.5	13	.2	2	7	16	1.0599999	.88999999	.91000003	3	3	0
216	2	0	1	1	0	0	0	0	0	0	2	11	3	4.25	13	.15000001	1	11	10.5	1.0599999	.94999999	2.77	4	3	0
217	2	1	1	1	0	0	0	0	0	0	2	13	2	4.25	13	.17	1	11	10	.94999999	.74000001	2.1900001	4	3	0
218	2	1	1	1	0	0	0	0	0	0	7	4	2	4.3499999	26	.25	1	11	10	.85000002	.74000001	2.3399999	3	2	0
219	2	1	1	1	0	0	0	0	0	0	3	9	3	4.25	19	.12	2	11	10	.91000003	.74000001	2.3399999	4	3	0
220	2	0	1	1	0	0	0	0	0	4	3	15	2	4.25	13	.25	2	11	10	1.0599999	.94999999	2.77	5	3	0
221	2	0	1	1	0	0	0	0	0	0	1	28	3	4.5999999	13	.25	1	11	11	1.02	.94999999	2.5599999	4	3	0
222	3	1	1	1	0	0	0	0	0	3	2	24	3	4.25	13	.25	2	9	12.5	1.12	.85000002	1.0599999	3	1	0
223	3	1	1	1	0	0	0	0	0	2	3	18	3	4.75	13	.25	2	6	16				3	2	0
225	3	1	1	1	0	0	0	0	0	0	3	27	3	4.75	13	.2	2	6	17	1.0599999	.91000003	.91000003	6	3	0
226	4	0	1	1	0	0	0	0	0	0	0	22	2	4.25	13	.25	1	10.5	11.5	.94999999	.70999998	.94999999	2	2	0
228	4	0	1	1	0	0	0	0	0	0	3	28.5	3	4.5	13	.2	3	10.5	12.5	.94999999	.86000001	.94999999	2	2	0
229	1	0	1	0	0	1	0	0	0	2	3	40	3	4.5	26	.1	2	8.5	13.5	.94999999	.94999999	1.0599999	5	4	0
230	1	0	1	0	0	1	0	0	0	0	0	25	3	4.25	26	.1	1	7	17	1.02	.94999999	.94999999	3	2	0
232	1	0	1	0	0	1	0	0	0	3	18	6	3	4.75	26	.12	3	7	16	1.0599999	.94999999	.94999999	3	3	0
233	1	0	1	0	0	1	0	0	0	0	19	7	3	4.6500001	13	.31999999	2	7	16	1.17	.94999999	.94999999	2	2	0
235	1	0	1	0	0	1	0	0	0	2	5	17	1	4.25	26	.20999999	2	7	16	1.02	.94999999	1.04	3	2	0
237	1	0	1	0	0	1	0	0	0	2	12	11	4	4.25	13	.25	2	7	16	1.11	.94999999	1.01	2	2	0
238	2	1	1	0	0	1	0	0	0	2	0	22	3	4.75	9	.12	1	11	12	1.0599999	1.02	2.3399999	5	3	0
239	2	0	1	0	0	1	0	0	0	1	15	4	3	4.25	13	.25	1	10.5	13.5	1.05	.94999999	2.74	5	3	0
243	3	1	1	0	0	1	0	0	0	0	7	25	3	4.5	8	.25	2	6	16.5	1.0700001	1.02	.74000001	6	3	0
244	3	1	1	0	0	1	0	0	0	3	12	30	3	4.25	4	.25	2	6	18	1.17	1.12	1.02	4	3	0
247	4	0	1	0	0	1	0	0	0	3	0	40	4	4.5	13	.1	2	10.5	15.5	1.0599999	1.05	1.0599999	2	2	0
248	4	0	1	0	0	1	0	0	0	2	8	16	6	4.75	13	.37	2	10	16	1.17	.94999999	.85000002	2	2	0
249	1	0	1	1	0	0	0	0	1	1	6	6	4	4.3699999	4	.25	1	7	15	1.13	1.0599999	.94999999	3	2	0
250	2	1	1	1	0	0	0	0	1	2	1	4	2	4.5	13	.30000001	1	11	10	.85000002			4	1	0
253	3	1	1	1	0	0	0	0	0	0	7	7	3	4.8699999	52		2	7	13	1.23	1.0599999	2.3	2	2	0
257	1	0	1	1	0	0	0	0	1	2	20	10	3	4.25	39	.2	2	7	16	1.02	.88	.91000003	2	2	0
258	1	0	1	1	0	0	0	0	0	0	4	22	3	4.25	8	.15000001	2	7	16	1.0599999	.92000002	.89999998	3	3	0
260	1	1	1	1	0	0	0	0	0	2	10	20	4	4.25	4	.17	2	7	16	1.0599999	.93000001	.88	4	2	0
262	1	0	1	1	0	0	0	0	0	0	7	13	3	4.25	13	.25	2	6.5	16.5	1.0599999	.94999999	1.0599999	4	4	0
264	1	0	1	1	0	0	0	0	0	5	0	10	2	4.25	13	.25	3	7	15	1.02	.88	.91000003	2	2	0
265	1	0	1	1	0	0	0	0	0	3	0	20	1	4.25	26	.15000001	2	7	16	1.02	.88	.94	3	3	0
267	1	0	1	1	0	0	0	0	0	0	6.5	20	3	4.25	26	.22	2	7	16	.89999998	.80000001	.80000001	3	2	0
269	2	1	1	1	0	0	0	0	0	0	2	10	3	4.4499998	13	.12	2	11	10	.94999999	.69	1.5	4	3	0
273	2	1	1	1	0	0	0	0	0	0	2	14	4	4.6199999	13	.2	1	11	10	.94999999	.74000001	2.3399999	4	3	0
275	2	1	1	1	0	0	0	0	0	0	4	4	4	4.25	9	.25	2	11	11	.94999999	.79000002	2.3399999	4	3	0
277	2	1	1	1	0	0	0	0	0	0	2	15	3	4.25	9	.25	3	11	10	.94999999	.85000002	2.3399999	3	3	0
278	2	1	1	1	0	0	0	0	0	0	3	4	3	4.25	3	.25	2	11	10	.94999999	.74000001	2.1900001	4	3	0
282	3	1	1	1	0	0	0	0	0	2	2	14	3	4.25	13	.13	2	6	16	1.0599999	.91000003	.79000002	4	3	0
284	3	1	1	1	0	0	0	0	0	1	5	23	4	4.5	13	.25	2	6	16	1.02	.91000003	.91000003	5	4	0
285	3	1	1	1	0	0	0	0	0	1	3	25	3	4.75	4	.25	2	6	16	1.02	.91000003	.80000001	4	2	0
286	3	1	1	1	0	0	0	0	0	4	1	15	3	4.75	13	.25	2	10	11.5	1.12		.94999999	2	1	0
287	3	1	1	1	0	0	0	0	0	2	3	18	3	4.5	13	.17	2	6	16	1.0599999	.91000003	.94999999	5	3	0
288	3	1	1	1	0	0	0	0	0	3	0	20	3	4.75		.25	2	6	16	1.02	.94999999	.94999999	6	4	0
289	3	1	1	1	0	0	0	0	0	2	2	12	2	4.25	13	.2	2	6	16	1.02	.94999999	.94999999	5	3	0
290	4	0	1	1	0	0	0	0	0	1	8	12	3	4.75	26	.1	3	10.5	12.5	.94999999	.88999999	.94999999	2	2	0
291	4	0	1	1	0	0	0	0	0	0	4	20	3	4.5500002	16	.12	1	10.5	11.5	.94999999	.86000001	.94999999	2	2	0
292	4	0	1	1	0	0	0	0	1	2	10	15	3	4.8000002	26	.12	1	7	16	.94999999	.92000002	.94999999	2	1	0
295	1	0	1	0	0	1	0	0	0	3	8	9	3	4.75	26	.12	2	6.5	16.5	1.0599999	.94999999	.94999999	3	3	0
297	1	1	1	0	0	1	0	0	0	1	9	15	3	4.25	13	.050000001	2	7	16	1.0599999	.91000003	.98000002	3	3	0
303	3	1	1	0	0	1	0	0	0	0	10	35	3	4.3499999	26	.27000001	2	6	17	1.12	1	1.02	6	5	0
304	3	0	1	0	0	1	0	0	0	3	10	20	3	4.5	26	.37	2	6	17	1.27	1.27	2.24	5	3	0
305	3	1	1	0	0	1	0	0	0	2	0	20	3	4.3899999			2	6	17	1.27	1.27	1.0599999	5	4	0
307	3	1	1	0	0	1	0	0	0	0	17.5	17.5	4	4.25	15	.5	2	6	18	1.1900001	1.1900001	1.0599999	5	5	0
310	4	0	1	0	0	1	0	0	0	2	0	28	4	4.25	13	.25	2	10.5	11.5	.91000003	.91000003	1.9400001	2	1	0
312	1	0	1	1	0	0	0	0	1	3	4	6	3	4.25	10	.22	1	8	11	1.22	1.0599999	.93000001	3	1	0
313	1	0	1	1	0	0	0	0	1	0	11	9	4	4.5	4	.25	1	7	15	1.0599999	.93000001	.94	3	2	0
314	1	0	1	1	0	0	0	0	1	8	8	12	3	4.6199999	4	.25	1	7	15	1.0599999	.94999999	.91000003	3	2	0
316	1	1	1	1	0	0	0	0	1	0	15	15	3	4.6199999	8	.25	2	7	16	1.0599999	.92000002	.87	3	2	0
317	1	0	1	1	0	0	0	0	1	3	0	8	2	4.25	13	.17	1	8	12	1.22	.93000001	.95999998	3	1	0
318	2	0	1	1	0	0	0	0	1	3	5	7	3	4.75	13	.25	2	11	12	1.23	.98000002	2.6099999	3	3	0
319	2	0	1	1	0	0	0	0	1	2	0	11	3	4.6199999	2.5	.12	2	10.5	12.5	1.0599999	.85000002	3.95			0
322	3	1	1	1	0	0	0	0	1	0	8	13	4	4.75	13	.15000001	2	6	16	1.0599999	1.0599999	1.02	6	2	0
325	3	1	1	1	0	0	0	0	1	0	4	15	4	4.5	10	.25	2	6	15	1.09	1.0599999	.79000002	6	3	0
333	1	0	1	0	1	0	0	0	0	0	2	16.5	4	4.25	13	.2	2	7	15	1.02	.88	.81999999	4		0
336	1	0	1	1	0	0	0	0	0	2	28	12	4	4.5	4	.2	2	7	15	1.02	.91000003	.93000001	3	2	0
337	1	1	1	1	0	0	0	0	0	0	5	29.5	5	4.8699999		.30000001	3	7	17	1.0599999	.93000001	.93000001	4	3	0
339	1	1	1	1	0	0	0	0	0	2	18	6	2	4.25	26	.37	3	7	16	1.0599999	.85000002	.94999999	3	3	0
340	1	0	1	1	0	0	0	0	0	3	6	30	3	4.25	26	.1	2	7.5	14.5	.95999998	.94999999	.85000002	5	4	0
341	2	1	1	1	0	0	0	0	0	0	2	7	2	4.6199999	4	.25	1	11	9.5	.94999999	.74000001	2.3399999	3	3	0
343	2	1	1	1	0	0	0	0	0	0	10	6	2	4.75	26	.25	2	11	10.5	.94999999	.74000001	2.3399999	4	3	0
346	2	1	1	1	0	0	0	0	0	0	2	10.5	2	4.25	19	.2	2	11	10	.94999999			4	3	0
348	3	1	1	0	1	0	0	0	0	0	3	10.5	3	4.25	13	.2	2	10.5	10.5	1.02	1.0599999	.94999999	3	2	0
350	3	1	1	1	0	0	0	0	0	0	8	9	4	4.75	13	.37	2	6	16	1.0599999	.91000003	1.12	5		0
351	3	1	1	1	0	0	0	0	0	1	2	27.5	3	4.25			2	6	16	1.02	.89999998	.94999999	4	3	0
352	3	1	1	0	0	1	0	0	0	0	0	19	4	4.75	8	.25	2	10	11.5	1.12	.91000003	.99000001	2	2	0
353	3	1	1	1	0	0	0	0	0	0	7.5	22.5	3	4.3699999	13	.22	2	6	16	1.0700001	.85000002	.94999999	5	3	0
355	4	0	1	0	1	0	0	0	0	0	2	17	3	4.8699999	26	.15000001	1	10.5	11.5	.94999999	.92000002	.94999999	2	2	0
359	1	1	1	1	0	0	0	0	0	1	0	22	4	4.25	26	.17	2	7	15	1.02	.85000002	.81999999	3	3	0
360	1	0	1	1	0	0	0	0	0	0	3	25	2	4.25	13	.15000001	2	7	15	1.0599999	.83999997	.88999999	3	3	0
361	1	0	1	1	0	0	0	0	0	0	6	13	5	4.25	26	.22	2	7	16	1.02	.91000003	.85000002	3	3	0
362	2	0	1	1	0	0	0	0	0	0	6	13		4.25	13	.66000003	2	10.5	12.5	1.0599999	.81	2.45	5	3	0
363	2	0	1	1	0	0	0	0	0	2	0	25	3	4.25	18	.18000001	2	10.5	12.5	1.0599999	.80000001	2.45	4	3	0
364	2	0	1	1	0	0	0	0	0	3	3.5	20	3	4.25	13	.12	2	11	12	.94999999	.85000002	2.45	4	4	0
366	3	0	1	1	0	0	0	0	0	3	2	17	3	4.5	13	.25	2	10.5	11.5	1.02	.91000003	.63	5	4	0
368	4	0	1	1	0	0	0	0	0	1	0	20	3	4.25	13	.15000001	3	10.5	12.5	.88999999	.86000001	.94999999	2	1	0
369	1	1	1	0	0	1	0	0	0	1	0	15	4	4.3499999	18	.12	2	7	15	1.17	1.0599999	1.17	3	2	0
370	1	0	1	0	0	1	0	0	0	0	20	11.5	3.3	4.8499999	18	.25	3	7	16	1.0599999	.94999999	.94999999	3	2	0
376	1	0	1	0	0	1	0	0	0	3	4	10	4	4.5	13	.1	2	8	14	.94999999	.94999999	.95999998	8	4	0
377	1	0	1	0	0	1	0	0	0	3	12	6	3	4.25	26	.15000001	2	8	14	1.0599999	.94999999	.94999999	3	2	0
379	1	0	1	0	0	1	0	0	0	0	20	12	4	4.6199999	26	.17	3	7	16	1.0599999	1.0599999	.94999999	3	2	0
380	1	0	1	0	0	1	0	0	0	0	10	15	3	4.5	52	.2	3	7	16	1.0599999	.94999999	.94999999	3	2	0
383	1	0	1	0	0	1	0	0	0	3	6	4	2	4.5	26	.25	1	7	16	1.15	.94999999	.94999999	2	2	0
384	1	0	1	0	0	1	0	0	0	3			3	4.6500001	26	.25	2	7	16	1.0599999	.94999999	.94999999	3	2	0
385	1	0	1	0	0	1	0	0	0	2	16	14	3	4.25		.15000001	1	7	17				3	2	0
386	1	0	1	0	0	1	0	0	0	0	0	19	3	4.25	39	.25	1	7	17	1.0599999	.94999999	.94999999	3	2	0
391	2	0	1	0	0	1	0	0	0	3	15	5	2	4.25	6	.12	2	11	10	1.0599999	1.0599999	2.6600001	3	3	0
393	2	1	1	0	0	1	0	0	0	4	4	10	3	4.6199999	2	.25	2	11	11	1.17	1.27	2.77	3	2	0
396	3	1	1	0	0	1	0	0	0	1	24	16	4	4.8699999	9	.37	2	6	17	1.27	1.0700001	2.1300001	5	3	0
397	3	1	1	0	0	1	0	0	0	2	4	28	3	4.25	52	.62	2	6	17	1.12	1.02	1.0599999	4	3	0
398	3	1	1	0	0	1	0	0	0	1	14	13	4	4.75	13	.15000001	2	6	17	1.12	1.0599999	1.0599999	5	4	0
399	3	1	1	0	0	1	0	0	0	0	13	8	3	4.8699999	18	.30000001	2	6	17	1.27	1.04	1.12	7	3	0
400	3	1	1	0	0	1	0	0	0	0	16	15	3	4.5	39	.5	3	6	17	1.2	1.0599999	1.0599999	5	5	0
401	3	0	1	0	0	1	0	0	0	0	8	6	4	4.25	13	.17	2	7	16	1.12	1.02	1.02	6	4	0
402	3	1	1	0	0	1	0	0	0	2	11	10	3	4.75	26	.25	2	6	16	1.12	1.02	1.0599999	4	2	0
405	3	1	1	0	0	1	0	0	0	3	6	17	3	4.3200002	26	.12	2	6	17	1.12	1.02	1.0599999	7	4	0
410	1	0	1	0	0	1	0	0	0	0	0	35	3	4.25	26	.1	3	7	16	1.04	1.12	1.02	4	3	0
411	1	0	1	0	0	1	0	0	0	1	0	36	3	4.5	26	.1	2	7	16	1.16	1.02	1.09	5	4	0
412	2	0	1	0	1	0	0	0	0	0	0	17	2	4.5		.37	1	11	11	1.0599999	1.02	2.3399999	5	2	0
413	1	0	1	0	0	1	0	0	0	0	0	36	5	4.25	9	.5	1	6	17	1.12	1.02	1.0599999	4	3	0
414	1	0	1	0	0	1	0	0	0	0	0	36	5	4.25	26		1	7	16	1.0599999	.94999999	1.11	4	2	0
415	1	0	1	0	0	1	0	0	0	0	8	32	5	4.25	9		2	7	16	1.0599999	.91000003	.98000002	5	3	0
417	1	1	1	0	0	1	0	0	0	0	4	28	3	4.25	13	.2	2	7	16	1.05	.94	1.0700001	4	4	0
418	1	0	1	0	0	1	0	0	0	2	30	15	4	4.25	26	.1	2	8	15	1.02	1.01	.51999998	4	3	0
419	2	1	1	0	0	1	0	0	0	4	3	10	4	4.25		.5	2	11	11	1.0599999	.85000002	2.3399999	4	4	0
421	2	1	1	0	0	1	0	0	0	3	20	10	8	4.6199999	4	.37	2	10.5	13	1.0599999	.85000002	2.3399999	4	2	0
422	2	0	1	0	0	1	0	0	0	2	0	7	3	4.75		.25	2	10	11	1.0599999	.85000002	2.3399999	4	2	0
423	2	1	1	0	0	1	0	0	0	3	2	10	2	4.9499998	13	.5	1	11	12	1.0599999	.85000002	2.3399999	3	2	0
424	2	1	1	0	0	1	0	0	0	0	3.5	6.5	3	4.75	13	.25	1	11	11	1.0599999	.85000002	2.3399999	5	3	0
426	3	1	1	0	0	1	0	0	0	0	3	33	5	4.25	26	.15000001	2	5	19	1.1799999	1.02	1.0599999	5	3	0
427	4	0	1	0	0	1	0	0	0	3	7	8	3	4.75	13	.1	2	10.5	12.5	1.0599999	.98000002	2.03	2	2	0
428	4	0	1	0	0	1	0	0	0	2	0	33	3	4.6199999	13	.12	2	10.5	12.5	1.0599999	.98000002	1.0599999	2	2	0
46	1	0	0	0	0	0	1	0	0	1	3.5	35	3	4.3000002	26	.079999998	2	6.5	16.5	1.03		.94	4	4	1
49	2	0	0	0	0	0	1	0	0		0	15	4	4.4499998	13	.050000001	2	10	13	1.01	.88999999	2.3499999	4	4	1
506	2	1	0	0	0	0	1	0	0		3	7	4	5	19	.25	1	11	11	.94999999	.74000001	2.3299999	4	3	1
56	4	1	0	0	0	0	1	0	0		0	36	2	5.25	26	.15000001	2	10	12	.92000002	.79000002	.87	2	2	1
61	4	1	0	0	0	0	1	0	0		28	3	6	4.75	13	.15000001	2	10	12	1.01	.83999997	.94999999	2	2	1
62	4	1	0	0	0	0	1	0	0						26		2	10	12		.83999997	1.79	3	3	1
445	1	0	0	0	0	0	0	1	0		15	18	5	4.75	26	.15000001	2	6	18	1.04	.86000001	.94	3	3	1
451	1	0	0	0	0	0	0	1	0	2	26	9	6	5	26	.2	2	0	24	1.11	.83999997	.94	6	3	1
455	2	1	0	0	0	0	0	1	0		3	12	2	5	13	.25	2	11	11	.94	.83999997	2.3199999	4	3	1
458	2	1	0	0	0	0	1	0	0	1	2	9	2	5	13	.25	1	11	10.5	.89999998	.73000002	2.3199999	4	3	1
462	3	1	0	0	0	0	0	1	0	1	1	25	4	4.75	13	.2	2	9	12	1.01	1.01	.88999999	6	3	1
468	1	0	0	0	0	0	0	1	0		9	32	4	5	26	.13	2	6	18	.97000003	.83999997	.86000001	4	3	1
469	1	0	0	0	0	0	0	1	0	1	7	39	4	4.5	41	.23	2	6	18	.92000002	.81	.87	3	3	1
470	1	0	0	0	0	0	0	1	0	2	18	10	3	4.75	13	.15000001	2	6	18	1.03	.83999997	.94	3	2	1
474	1	0	0	0	0	0	0	1	0	1	5	20	3	4.5		0	2	8.5	13	1.09	.94	.94	3	2	1
481	2	1	0	0	0	0	0	1	0	2	15	4	3	5	26	.25	2	11	11	.74000001	.73000002	2.53	3	3	1
483	2	1	0	0	0	0	0	1	0		4	13	3	4.75	13	.18000001	1	11	11	.94999999	.74000001	2.3299999	4	3	1
487	3	1	0	0	0	0	0	1	0		6	20	3	4.75	26	.1	2	10.5	11	1.05	1.01	.94	6	1	1
488	3	0	0	0	0	0	0	1	0		5	15	3	4.75	26	.13	2	7	15	1.01	1.01	.94	5	3	1
489	3	0	0	0	0	0	0	1	0	2	2	19	3	4.25	26	.13	2	10	11.5	1.01	1.01	1.05	6	3	1
490	3	1	0	0	0	0	0	1	0	1	2	18	3	5	26	.28	2	6	16	1.01	1.01	1.05	5	3	1
493	3	1	0	0	0	0	1	0	0		0	30	4	4.9000001	13	.25	2	6	16	1.02	1.01	.83999997	3	3	1
495	3	0	0	0	0	0	0	1	0		8	20	3	5	26	.25	2	6	16	.95999998	1.01	1.01	5	3	1
496	3	1	0	0	0	0	0	1	0		10	10	3	4.75	19	.18000001	2	6	16	1.01	1.01	.88999999			1
499	4	1	0	0	0	0	0	1	0	1	0	31	5	5	26	.1	2	10	12	.89999998	.69	.94	2	2	1
509	3	1	0	0	0	0	0	1	0		5.5	10	3	4.25	26	.2	2	6.5	15.5	1	1.01	.94	3	2	1
515	3	1	0	0	0	0	0	1	0		5	19	3	4.75	13	.18000001	2	6	16	1.01	1.01	.94	5	4	1
37	1	0	0	0	0	0	1	0	0		6	25	7	4.25	52	.18000001	2	6.5	16.5	.98000002	.83999997	.86000001	6	3	1
39	1	0	0	0	0	0	1	0	0		5	15	3				2	6.5	16.5	1.05		.63	4	2	1
40	1	0	0	0	0	0	1	0	0		7	25	6	4.25	8	.13	2	6.5	17.5	.98000002	.81999999	.87	3	2	1
41	1	0	0	0	0	0	1	0	0	2	0	42	6	4.25			2	6.5	17.5	.94	.77999997	.91000003	3	2	1
42	1	0	0	0	0	0	1	0	0	1	0	22	5	4.25	26	.25	2	6.5	16.5	.94			3	2	1
45	1	0	0	0	0	0	1	0	0		11	12	2	4.25	26	.15000001	3	6.5	17.5	.98000002	.75	.86000001	3	3	1
47	1	0	0	0	0	0	1	0	0		0	45	2	4.25			2	6	18	1.05	.86000001	.86000001	3		1
48	1	0	0	0	0	0	1	0	0		7.5	25	5	4.3800001	13	.25	3	7	14	.98000002	.79000002	.87	4	3	1
50	2	0	0	0	0	0	1	0	0		4	20	3	4.75	13	.1	2	10	13	1.01	.88999999	2.3499999	4	3	1
51	2	0	0	0	0	0	1	0	0	2	6	15	3	4.25			2	10	13	1	.88999999	2.3499999	5	3	1
57	4	1	0	0	0	0	1	0	0	1	7	18	4	4.5	26	.13	2	10	12	1.01	.77999997	.89999998	2	2	1
58	4	1	0	0	0	0	1	0	0	2	0	28	4	4.5	26	.079999998	2	10	12	1.04	.83999997	.94	2	2	1
59	4	0	0	0	0	0	1	0	0	1	0	16	4	4.25	26	.1	1	7.5	10.5	1.01	.83999997	.86000001	2	2	1
60	4	0	0	0	0	0	1	0	0	2	10	20	5	4.25	4	.25	1	10	12	.98000002	.83999997	.86000001	2	2	1
408	2	1	0	0	0	0	0	1	0		1	14	3	4.25	4	.30000001	1	11	11	.94999999	.83999997	2.53	4	3	1
430	1	0	0	0	0	0	1	0	0		0	48	3	4.25	26	.13	2	7	16	.91000003	.73000002	.75	3	3	1
432	1	0	0	0	0	0	1	0	0	1	25	10	4	5.0500002	26	.2	2	7	16	.94	.74000001	.79000002	3	1	1
433	1	0	0	0	0	0	1	0	0	6	0	42	4				2	7	16	.94	.74000001	.74000001	3	3	1
434	1	0	0	0	0	0	1	0	0		19	29	4	4.25			2	7	16	.94999999	.80000001	.80000001	3	3	1
435	1	0	0	0	0	0	1	0	0		0	32	5	4.25	6	.15000001	2	6.5	15.5	.94	.74000001	.79000002	3	2	1
438	2	0	0	0	0	0	1	0	0		2	9	3	4.25	52	.050000001	2	11	9	.94999999	.83999997	2.4300001	2	1	1
440	4	0	0	0	0	0	1	0	0		0	30	3				2	10.5	11.5	1	.80000001	1.8	2	2	1
441	4	0	0	0	0	0	1	0	0		0	30	3	4.25	4	.25	2	10.5	11.5	1	.80000001	1.8099999	2	2	1
443	4	0	0	0	0	0	1	0	0		5	20	4	4.3499999	17	.18000001	2	10.5	11.5	1	.80000001	1.8099999	2	2	1
444	4	0	0	0	0	0	1	0	0		10	35	4	4.5	4	.30000001	2	10.5	11.5	.88999999		.79000002	2	2	1
446	1	0	0	0	0	0	0	1	0		7	24	4	5	4	.25	2	6	18	.97000003	.83999997	.91000003	4	3	1
448	1	0	0	0	0	0	0	1	0	1	8	27	3	4.5	13	.25	2	6	18	.95999998	.82999998	.87	3	3	1
449	1	0	0	0	0	0	0	1	0		15	15	5	5	52	.25	2	6	18	.97000003	.83999997	.73000002	3	3	1
450	1	0	0	0	0	0	0	1	0	2	27.5	8	3	4.75	13	.25	2	6	18	.91000003	.83999997	.86000001	3	3	1
454	2	1	0	0	0	0	0	1	0		0	18	5	5	13	.25	1	11	11	.94	.73000002	2.6400001	4	3	1
459	3	1	0	0	0	0	0	1	0	1	0	20	5	4.3499999	28	.15000001	2	7	15	1.01	1.01	.88999999	4	2	1
466	4	0	0	0	0	0	0	1	0	5	14	12	3		52		1	10.5	11.5	.94			2	2	1
471	1	0	0	0	0	0	0	1	0		12	23	3	4.25	26	.15000001	2	6	18	.97000003	.86000001	.91000003	3	1	1
472	1	0	0	0	0	0	0	1	0		8	25	3	4.9000001	13	.18000001	2	6	17	.95999998	.83999997	.91000003	3	3	1
473	1	0	0	0	0	0	0	1	0	1	26	15	2	4.5	19	.13	2	6	17	.97000003	.83999997	.86000001	3	3	1
475	1	0	0	0	0	0	0	1	0		10	16	3	4.5	26	.15000001	1	7	15	1.02	.94	.89999998	3	3	1
476	1	0	0	0	0	0	1	0	0	1	5	30	3	4.75	52	.2	2	6	18	.95999998	.83999997	1.1799999	3	3	1
477	1	0	0	0	0	0	0	1	0		6	20	4	6.25	26	.5	2	6	17	.95999998	.83999997	.88999999	3	3	1
478	1	0	0	0	0	0	1	0	0	1	8	30	4	4.3499999	13	.25	2	6	18	1.01	.88	.91000003	3	2	1
485	2	1	0	0	0	0	0	1	0		4	12	3	4.5	19		2	11	11	1.01	.73000002	2.3199999	4	3	1
491	3	0	0	0	0	0	0	1	0	3	0	0	0												1
492	3	1	0	0	0	0	0	1	0		4	15	2	4.5	19	.1	2	9	12.5	1.11	1.11	1.05	2	1	1
497	4	1	0	0	0	0	0	1	0				5				2	10	12	1.01	.89999998	.79000002	2	2	1
498	4	1	0	0	0	0	0	1	0	2	21	5.5	3	5	26		2	10	12	.98000002	.83999997	.89999998	2	2	1
501	1	0	0	0	0	0	0	1	0	2	30	15	6	4.75	4	.34999999	1	6	18	1.03	.91000003	.91000003	3	3	1
503	1	0	0	0	0	0	0	1	0		35	6.5	3	4.5	13	.15000001	2	6	18	.97000003	.83999997	1	3	3	1
510	3	1	0	0	0	0	0	1	0	2	2.5	17.5	3		13		2	7	15	1.05	1.01		5	3	1
511	3	1	0	0	0	0	0	1	0		3	13	3	4.75			2	7	15	1.01	1.01	.88999999	6	2	1
514	3	0	0	0	0	0	0	1	0	1	23	16	3	4.25	10	.2	2	6	16	.94999999	.94999999	1.05	6	4	1
516	3	1	0	0	0	0	0	1	0		2	12	2	4.9099998	14	.18000001	2	8	14	1.01	.94999999	.88999999	5	3	1
521	1	0	0	0	0	0	1	0	0		0	12	8	4.4000001	13	.13	2	7	16	.41	.83999997	.88999999	4	2	1
522	1	0	0	0	0	0	1	0	0		3	23	3	4.25	26	.15000001	3	7	16	1	.74000001	.94999999	3	3	1
113	1	0	1	0	1	0	0	0	0		2	40	5	5.0500002	26	.28	2	7	16	1.05	.89999998	.98000002	3	2	1
123	1	0	1	0	1	0	0	0	0		5	25	4	5.0500002	26	.15000001	3	7.5	14	1.05	.94	1	3	2	1
135	3	0	1	0	1	0	0	0	0		8	24	3	5.0500002		.25	2	10	11.5	1.16	1.0599999	1.05	5	3	1
138	3	1	1	0	0	1	0	0	0		2	33	3	5.0500002	26	.2	2	10	11.5	1.21	1.01	.94	6	4	1
153	1	0	1	0	0	1	0	0	0		26.5	10	3	5.0500002	26	.15000001	2	7	17	1.05	.94999999	.94999999	3	2	1
181	2	0	1	0	0	1	0	0	0		1	15	2	5.0500002		.25	1	10.5	11	.94999999	.89999998	2.49	3	2	1
191	4	0	1	0	0	1	0	0	0	1	0	25	4	5.0500002	6	.25	2	10.5	12	1.02	.94	1.05	2	2	1
231	1	0	1	0	0	1	0	0	0		16	6	4	5.0500002	4	.25	1	7	16	.89999998	.94999999	.94999999	3	1	1
236	1	0	1	0	0	1	0	0	0	2	23	22	4	5.0500002	8	.28	1	7	18	1.1	1.01	.99000001	4	3	1
254	4	0	1	1	0	0	0	0	1	1	28	10	3	5.25	8	.2	1	7	15	1	.85000002	1.05	2	2	1
255	4	0	1	1	0	0	0	0	0		8	12	2		52	.14	1	7	14	1	.85000002	2.1099999	2	2	1
294	1	0	1	0	0	1	0	0	0		0	35	3	5.0500002	26	.2	2	7	16	1.05	.94	.94	3	2	1
306	3	1	1	0	0	1	0	0	0	1	6	20	3	5.0500002	26	.23	2	6	18	1.11	1.05	1.05		2	1
311	4	0	1	0	0	1	0	0	0		35	30	3	5.0500002		.2	2	10.5	11.5	1.01	.94999999	1.05	2	2	1
315	1	0	1	1	0	0	0	0	0		4.5	20	2	5.0500002	8	.079999998	2	7	16	1.05	.83999997	.87	3	2	1
335	1	1	1	1	0	0	0	0	0	3	7	13	3	5.0500002	26	.13	1	6	17	1.05	.94	.94	5	2	1
372	1	1	1	0	0	1	0	0	0	1	30	20	5	5.0500002	8	.079999998	2	6.5	18.5	1.0599999	1.05	1.04	4	3	1
6	3	1	1	0	1	0	0	0	0	1	5	2	2	5.0500002	13	.15000001	1	10	8	1.11	1.01	2.23	4	2	1
14	2	0	1	0	1	0	0	0	0		4	17	3	5.0500002	13	.25	2	11	11	1.05	.94	2.5999999	6	3	1
26	1	0	1	0	0	1	0	0	0	2	10	20	4	5.0500002			2	7	16	1.01	.94	.94	5	4	1
27	2	1	1	0	1	0	0	0	0		0	7	4	5.0500002	26	.25	1	11	10	1.05	.83999997	2.53	4	3	1
30	2	0	1	0	0	1	0	0	0		4	3	2	5.0500002	19	.25	1	11	10	.94	.92000002	2.6900001	2	2	1
31	2	0	1	0	1	0	0	0	0	3	6	15	5	5.0500002	26	.25	1	10.5	12.5	1	1.05	2.6400001	4	4	1
33	3	0	1	0	0	1	0	0	0		6	11	5	5.0500002		.2	2	6	17	1.11	1.0599999	1.05	4	2	1
36	4	0	1	0	1	0	0	0	0		10	35	6	5.0500002	26	.15000001	2	10.5	12.5	.94999999	.88999999	1.1900001	2	2	1
77	3	0	1	0	0	1	0	0	0	4	4	60	3	5.0500002	52	.15000001	2	6	19	1.0599999	1.0599999	1.05	6	2	1
78	3	1	1	0	0	1	0	0	0		10	12	2	5.0500002	26	.1	2	7	16	1.11	1.01	1.05	5	3	1
81	4	0	1	0	0	1	0	0	0	3	0	45	4	5.0500002			2	10.5	11.5	1.11	.98000002	2.0699999	2	1	1
82	4	0	1	0	0	1	0	0	0		25	8	4	5.0500002	13	.18000001	2	10.5	13.5	1.11	.98000002	1.05	2	2	1
83	4	0	1	0	0	1	0	0	0	2			4	5.0500002	26	.5	2	10	14	1.11	.88999999	.99000001	2	2	1
85	1	0	1	0	1	0	0	0	1		0	35	3	5.0500002	26	.18000001	1	9	12.5	1.11	1.01	1.05	5	1	1
89	1	1	1	0	1	0	0	0	0		6	25	6	5.5	4	.63	2	7	16	1.11	1.01	1.05	3	3	1
94	2	0	1	0	1	0	0	0	0		2	20	4	5.0500002	52	.25	1	11	10	1.05	.79000002	2.53	3		1
103	4	0	1	0	0	1	0	0	0	2			2	5.0500002	13		2	10.5	12.5	1.05	.83999997	1.26	2	2	1
112	4	0	1	0	0	1	0	0	0	9	5	25	6	5.0500002	28	.18000001	2	10.5	12.5	1.11	1.09	2.0699999			1
128	2	1	1	0	1	0	0	0	0	1	3	16	2	5.0500002	26	.25	1	11	11	1.05	.79000002	2.3199999	3	2	1
129	3	0	1	0	1	0	0	0	0		7	18	4	5.0500002	52	.25	2	6	16	1.11	1	.88999999	4	3	1
131	3	0	1	0	1	0	0	0	0	2	8	22	3	5.0500002			2	7	15	1.05	1.11	1.05	5	4	1
139	4	0	1	0	1	0	0	0	0		11	25	5	5.5	19	.25	2	11	12						1
143	4	0	1	0	1	0	0	0	0	2															1
144	4	0	1	0	1	0	0	0	0	1	4	37	3	5.0500002	26	.34999999	2	10.5	12.5	.94	.94	1.26	2	2	1
145	1	0	1	0	0	1	0	0	0		10	8	4	5.2800002	26	.13	2	7	16	1.05	.95999998	.94999999	3	2	1
147	1	0	1	0	0	1	0	0	0	1	6	0	3	5.25	13	.38	2	7	14	1.13	.91000003	.91000003	2	2	1
148	1	0	1	0	0	1	0	0	0		7.5	30	4	5.0500002	26	.2	2	7	17	1.05	.94	.94	3	3	1
151	1	0	1	0	0	1	0	0	0	2	0	0	0												1
152	1	0	1	0	0	1	0	0	0		12	13.5	5	5.0500002	13	.28	2	7	15	1.16	.94	.94	3	3	1
157	2	0	1	0	0	1	0	0	0	2	12	8	2	5.5	26	.25	1	10.5	11	.94999999	.82999998	2.47	2	2	1
161	3	1	1	0	0	1	0	0	0	4	26	12	4	5.0500002			2	6	17	1.11	1.0599999	1.05	7	5	1
163	3	1	1	0	0	1	0	0	0		1.5	33	3	5.0500002	26	.15000001	2	7	15						1
164	3	1	1	0	0	1	0	0	0		5	15	3	5.0500002	52	.15000001	2	6	17	1.11	1.0599999	1.05	5	3	1
165	4	0	1	0	0	1	0	0	0	1	10	17	4	5.0500002	14	.13	2	10.5	12.5	1.05	.98000002	1.05	2	2	1
169	1	1	1	0	0	1	0	0	0		20	6	4	5.0500002	52	.15000001	2	7	16	1.11	1.05	1.05	3	3	1
170	1	1	1	0	0	1	0	0	0		20	20	4	5.0500002	4		1	7	16	1.29	1.11	1.1799999	4	4	1
187	3	0	1	0	0	1	0	0	1		5	17.5	3	5.0500002	13	.2	2	7	15	1.11	1.0599999	1.05	4	4	1
190	3	1	1	0	0	1	0	0	0		7	30	4	5.0500002	26	.18000001	2	7	15	1.05	1.01	1.74	5	3	1
196	4	1	1	0	0	1	0	0	0		0	30	3	5.0500002	26	.18000001	2	10.5	12.5	1	.89999998	2.1099999	2	2	1
197	1	0	1	0	0	1	0	0	0	1	5	21	5	5.0500002	26	.13	3	7	17	1.05	.94999999	.94999999	3	1	1
234	1	0	1	0	0	1	0	0	0	2	10	4	3	5.0500002	26		2	7	16	1.04	1.01	.57999998	3	2	1
240	3	1	1	0	0	1	0	0	0	1	15	15	3	5.0500002	26	.15000001	2	6	17	1.1	1	1.05	6	4	1
241	3	0	1	0	0	1	0	0	0	1	15		4	5.0500002	26	.1	2	7	16	1.15	1.05	1.05	5	5	1
242	3	1	1	0	0	1	0	0	0		12	10	3	5.0500002	8	.2	2	7	16	1.11	1.0599999	1.05	6	4	1
245	3	0	1	0	0	1	0	0	0	3	8	12	4	5.0500002	26		1	8.5	13	1.11	1.11	1.05	5	1	1
259	1	0	1	1	0	0	0	0	0		15	15	4	5.0500002			2	7.5	14.5	1.05		.83999997	3	3	1
268	1	1	1	1	0	0	0	0	0		0	42.5	2	5.0500002	26	.25	2	7	15	.94	.77999997	.83999997	4	4	1
271	2	1	1	1	0	0	0	0	0	1	0	15	3	5.0500002	8	.1	2	11	12	.89999998	.73000002	2.28	4	3	1
272	2	1	1	1	0	0	0	0	0	1	2	14	3	5.25	26	.2	2	11	12	.94	.73000002	2.3199999	4	3	1
274	2	1	1	1	0	0	0	0	0		3	7	3	5.0500002	26	.2	1	11	11			2.3199999			1
276	2	1	1	1	0	0	0	0	0		5	15	3	5.0500002	26	.28	3	11	12	.94999999	.73000002	2.3199999	5	3	1
296	1	1	1	0	0	1	0	0	0	3	4	9	6	5.0500002	13		2	7	16	1.05	.94	1	3	2	1
299	2	1	1	0	0	1	0	0	0	1	6	12	2	5.0500002	13	.25	1	11	11.5	1.05	.83999997	2.3199999	3	2	1
301	2	1	1	0	0	1	0	0	0	1	2	7	1	5.0500002	4	.5	2	11	10.5	.94	.83999997	2.3199999	3	2	1
320	2	0	1	1	0	0	0	0	1		4	6	3	5.0500002			1	11	11	1.05	.83999997	2.4300001	4	3	1
321	2	0	1	1	0	0	0	0	1	2	4	11	2	5.0500002	13	.15000001	1	11	12	1.05	.83999997	2.4300001	4	3	1
324	3	0	1	1	0	0	0	0	0	4	22	39	5	5.0500002	52	.25	2	0	24	1.22	1.05	1.05	5	2	1
326	3	1	1	1	0	0	0	0	1	1	0	45	4	5.0500002			2	0	24	1.22		1.05	4	2	1
330	4	0	1	1	0	0	0	0	1		3	20	3	5.6700001	52	.25	1	10.5	14.5	.94	.79000002	1.26	2	2	1
334	1	0	1	1	0	0	0	0	0		0	20	3	5.0500002	26	.18000001	3	9	12.5	.89999998	.89999998	.85000002	3	2	1
349	3	1	1	1	0	0	0	0	0		0	20	4	5.0500002	4	.18000001	2	7	15	1.01	1.01	.94	3	3	1
354	4	0	1	1	0	0	0	0	0		9	7	3	5.0500002	13	.23	1	10.5	10.5	1	.85000002	.94	2	2	1
356	4	0	1	1	0	0	0	0	0		0	28	4	5.0500002	17	.15000001	1	10.5	11.5	1	.85000002	1.05	2	2	1
357	4	0	1	0	0	1	0	0	0		21	6	3	5.25	13	.25	1	10.5	12.5	1	.83999997	2.3499999	2	2	1
371	1	0	1	0	0	1	0	0	0		11	22	5	5.25	26		3	7	16				4	2	1
373	1	1	1	0	0	1	0	0	0		18	15	4	5.0500002	13	.25	2	6.5	15.5	1.1	.94	1.02	6	5	1
375	1	0	1	0	0	1	0	0	0	1	0	25	4	5.5	26	.1	1	7	15	1.05	.94	1.01	3	3	1
378	1	1	1	0	0	1	0	0	0		20	15	4	5.0500002	52	.25	2	6	19	1.05	.99000001	1.03	6	4	1
381	1	0	1	0	0	1	0	0	0		15	15	5	5.0500002	8	.47	2	6.5	16.5	1.37	1.16	1.16	4	2	1
403	3	1	1	0	0	1	0	0	0	3	11	23	3	5.0500002	13		2	7	16	1.11	1.0599999	1.05	4	4	1
406	4	1	1	0	0	1	0	0	0		17	22	4	5.5	13		1	10.5	12.5	.83999997	.94	1.99	2	2	1
407	4	1	1	0	0	1	0	0	0		8	7	3	5.5	26	.15000001	2	11	10.5	1.05	1.16	2.3199999	1	1	1
409	1	0	1	0	0	1	0	0	0	2	0	15	3	5.0500002			1	7	15	1.09	1.04	1.01	3	3	1
1	1	0	1	0	1	0	0	0	0		20	40	4	5.0500002			2	7	16	1.05	.79000002	.89999998	4	3	1
2	1	0	1	0	1	0	0	0	0		7.5	10	3	5.25	19	.38	1	7	15	1.05	1.01	.94	2	2	1
3	2	0	1	0	1	0	0	0	0	2	4	7	3	5.0500002	26	.25	1	11	11	1.05	.94	2.75	5	3	1
4	3	0	1	0	1	0	0	0	0		5	30	4	5.0500002	26	.28	2	8	13.5	1.22	1.37	.88999999	6	4	1
5	3	0	1	0	1	0	0	0	0	2	10	30	4	5.1500001	4	.18000001	2	6	17	1.05	.94	.94	5	5	1
8	4	0	1	0	1	0	0	0	0		15	25	3	5.0500002	26	.33000001	2	10	13	1.01	1.01	.94	2	2	1
9	1	0	1	0	1	0	0	0	0		0	32	4	5.0500002	26	.13	2	7	16	1.11	.92000002	1.01	4	3	1
10	1	0	1	0	1	0	0	0	0		15	15	4	5.0500002	4	.28	2	7	16	.94	.87	.94	3	2	1
11	1	0	1	0	1	0	0	0	0	1	12	24	3	5.0500002			2	7	16	1.05	.87	.94	3	2	1
12	1	0	1	0	1	0	0	0	0	3	15	15	4	5.0500002	26	.25	3	7	16	1.01	.92000002	.94	3	2	1
13	2	0	1	0	1	0	0	0	0	1	2	11	3	5	13	.25	1	11	11	1.01	.94	2.75	4	3	1
15	3	0	1	0	1	0	0	0	0	5	5	20	3	5.0500002		.25	2	6	17	1.05	1.01	2	3	3	1
16	3	0	1	0	1	0	0	0	0		7	17	3	5.0500002	19	.25	2	6	17	1.05	1.01	.94	5	5	1
17	3	0	1	0	1	0	0	0	0	1	4	35	4	5.0500002	13	.2	2	6	17	1.05	.94	.94999999	6	5	1
18	3	0	1	0	1	0	0	0	0		8	38	5	5.0500002		.25	2	6	17	1.05	1	.63	7	7	1
19	1	0	1	1	0	0	0	0	0		6	44	5	5.0500002	52	.30000001	2	6	16	1.04	.93000001	.94999999	2	2	1
21	2	0	1	1	0	0	0	0	0	1	0	11	2	5.0500002			2	11	10	.94	.94	2.4300001	3	3	1
22	3	0	1	1	0	0	0	0	0		3	15	2	5.0500002	19	.13	2	7	15	1.05	1.05	.94	4	4	1
23	1	0	1	0	0	1	0	0	0	1	14	14	3	5.0500002			1	6.5	16.5	1.05	.94	.94	3	2	1
24	1	0	1	0	1	0	0	0	0	3	15	20	4	5.0500002	52	.15000001	2			1.05	.94	1	4	3	1
28	2	0	1	0	0	1	0	0	0	3	6	2	3				1	11	10		1.05	2.6400001	3	2	1
29	2	0	1	0	0	1	0	0	0		0	13	3	5.0500002	26	.25	1	11	11	1.05	1.05	2.6400001	3	3	1
32	3	0	1	0	0	1	0	0	0	1	2	25	3	5.0500002	26	.23	2	10.5	11.5	1.22	1.11	2.28	4	4	1
34	3	1	1	0	0	1	0	0	0		11	7	3	5.0500002	26	.5	2	10.5	11.5	1.22	1.11	.73000002	5	2	1
35	4	0	1	0	0	1	0	0	0	6	13	18	3	5.0500002	13	.25	2	10.5	11.5	1.03			2	2	1
38	1	0	1	0	1	0	0	0	0		10	20	6	5.0500002		.25	3	6.5	17.5	.98000002	.81999999	.75999999	3	2	1
63	1	1	1	0	0	1	0	0	0	1	15	10	4	5.0500002	26	.1	2	7	18	1.11	1.01	1.09	4	3	1
64	1	0	1	0	0	1	0	0	0		13	13	3	5.0500002	26	.25	2	7	16	1.05	.94999999	.94999999	3	3	1
65	1	0	1	0	0	1	0	0	0	3			3	5.0500002											1
66	1	0	1	0	0	1	0	0	0		26	10	4	5.0500002	26	.25	1	7	17	1.05	.94999999	.94999999	3	3	1
67	1	0	1	0	0	1	0	0	0		4	17.5	5	5.0500002			1	8	13.5	1.3200001	1.05	1.22	3	3	1
68	1	0	1	0	0	1	0	0	0		13	17	3	5.0500002	13	.28	3	7	17	1.05	.94999999	.94999999	3	1	1
69	1	0	1	0	0	1	0	0	0		0	27	3	5.0500002	13	.2	2	7	18	1.26	1.01	1	4	2	1
70	1	0	1	0	0	1	0	0	0		10	30	5	5.0500002	4	.23	1	7	16	1.05	.94999999	1.01	3	3	1
71	1	0	1	0	0	1	0	0	0		29	14	3	5.0500002	26	.18000001	3	7	17	1.05	.94999999	.94999999	3	2	1
73	2	0	1	0	0	1	0	0	0	2	14	0	3	5.0500002	4	.050000001	2	11	11	1.05	1.05	2.4300001	3		1
75	2	0	1	0	0	1	0	0	0		4	11	3	5.0500002	6	.25	2	11	11	1.16	1.16	2.75	3	3	1
76	3	1	1	0	0	1	0	0	0		25	15	6	5.0500002	13	.15000001	2	6.5	16.5	1.11	1.0599999	1.05	6	3	1
79	3	1	1	0	0	1	0	0	0		8	18	3	5.0500002	41	.13	2	7	16	1.11	1.0599999	1.05	5	4	1
80	4	0	1	0	0	1	0	0	0	2	11	14	3	5.0500002	13	.1	2	10.5	12.5	1.12	.98000002	.99000001	2	1	1
84	1	0	1	0	1	0	0	0	0		12	30	5	5.0500002	52	.2	2	7	16	1.05	.89999998	.94	3	3	1
86	1	0	1	0	1	0	0	0	0		9	12	4	5.0500002	4	.13	3	7	15	1.05	1.05	1.04	3	3	1
87	1	0	1	0	1	0	0	0	1		0	30	5	5.0500002	41	.18000001	3	7	15	1	.99000001	1.04	3	3	1
88	1	0	1	1	0	0	0	0	0	2	4	37	4	5.0500002	42	.18000001	2	7	15	1.05	.87	.94	5	2	1
91	1	1	1	0	1	0	0	0	1	1	0	30	4	5.0500002	26	.18000001	1	7	17	1.11	1.05	1.05	3	3	1
92	1	1	1	0	1	0	0	0	1		14	6	3	5.0500002		.25	2	7	15	1.11	1.01	1.05	3	3	1
93	1	1	1	0	0	1	0	0	0		5	25	5	5.0500002	13	.15000001	2	7	16	1.11	1.05	1.05	4	3	1
95	2	0	1	0	1	0	0	0	0		0	14	3	5.0500002	13	.25	1	11	10	1.05	.75	2.53	3	3	1
96	2	0	1	0	0	1	0	0	0	3	0	15	5	5.0500002	26	.15000001	2	11.5	10.5	1.05	.94	2.5899999	4	0	1
97	2	0	1	0	1	0	0	0	0		2.5	11	3	5.0500002	13	.30000001	2	11	10	1.05	.80000001	2.54	3	2	1
98	2	0	1	0	1	0	0	0	1		3	13	3	5.0500002	13	.44999999	1	11	10	1.05	.89999998	2.53	3	3	1
99	3	1	1	0	1	0	0	0	1	6	30	50	4	5.0500002	15	.25	2	0	24	1.22	1.17	2.3199999	5	2	1
101	3	0	1	0	1	0	0	0	1		10	12	3	5.0500002	26	.15000001	2	7	15	1.15	1.1	1.05	8	3	1
102	3	0	1	1	0	0	0	0	0		0	27	2	5.0500002	52	.25	2	7	15	1.0700001	1.01	1.05	5	5	1
104	4	0	1	0	1	0	0	0	1	1	11	10	3	5.0500002	26	.079999998	2	10.5	12.5	1	.83999997	.94	2	2	1
105	1	0	1	0	0	1	0	0	0		0	45	4	5.0500002	13	.25	2	6.5	16.5	1.05	.99000001	1.16	4	3	1
106	1	0	1	0	0	1	0	0	0		2	25	3	5.0500002	26	.2	0	7	16	1.05	.94999999	.94999999	2	2	1
107	1	1	1	0	0	1	0	0	0	9	13.5	10	2	5.0500002			1	8	14		1.01	1	4	2	1
108	1	0	1	0	0	1	0	0	0		11	24	5	5.0500002	26	.15000001	1	7	17	1.37	1.02	1.05	3	3	1
111	3	0	1	0	0	1	0	0	0	1	20	14.5	3	5.0500002	26		2	7	16	1.16	1.16	1	5	4	1
114	1	0	1	0	1	0	0	0	0	1	20	40	4	5.25	26	.25	2	6.5	16.5	1.11	.94	.94	3	3	1
115	1	0	1	0	1	0	0	0	0		6	15	4	5.0500002			1	7	17	1.05	.94999999	1.01	4	4	1
116	1	0	1	0	1	0	0	0	0		22	12	3	5.0500002	13	.44999999	2	8.5	13	1.39	.94999999	1.21	8	2	1
118	1	0	1	0	0	1	0	0	0		18	20	3	5.0500002	26	.38	2	7	15	1.05	.94	1	4	2	1
119	1	0	1	0	0	1	0	0	0	1	18	13	4	5.0500002	26		3	6.5	17.5	1.05	.88999999	.94999999	3	3	1
120	1	1	1	0	1	0	0	0	0	3	0	30	4	5.0500002			2	7	16	1.05	1.05	1.05	3	2	1
122	1	0	1	0	0	1	0	0	0		10	50	6	5.0500002	26	.1	1	9	12.5	1.15	.94	1.15	6	4	1
124	1	0	1	0	1	0	0	0	0		21	6	4	5.0500002	13	.5	3	7	15	1.16	.94	1.12	2	2	1
125	2	0	1	0	1	0	0	0	0		0	15	2	5.0500002	52	.40000001	1	10	12	1.01	1.01	2.49	4	3	1
130	3	1	1	0	1	0	0	0	0	6	2	38	4	5.0500002	4	.15000001	2	7	16	1.11	1.0599999	1.05	5	3	1
132	3	1	1	0	1	0	0	0	0		15	20	3	5.5	52	.25	2	7	14				2	2	1
133	3	1	1	0	1	0	0	0	0		3	20	3	5.0500002	26		2	7	15	1.11	1.0599999	2.1099999	5	3	1
134	3	0	1	0	1	0	0	0	0		6	27.5	3	5.0500002	52	.25	2	6	16	1.11	1.0599999	.94	4	3	1
136	3	1	1	0	1	0	0	0	0	3								7	16						1
137	3	1	1	0	0	1	0	0	0	1	12	30	5	5.0500002	26	.25	2	7	15	1.11	1.11	1.05	5	3	1
140	4	0	1	0	1	0	0	0	0		5	35	5	5.6700001	4	.25	2	10.5	11.5	1	.94	1.05	2	2	1
141	4	0	1	0	1	0	0	0	0	2	10	25	3	5.0500002	13	.18000001	2	10.5	12.5	1.05	.83999997	1.34	2	2	1
142	4	0	1	0	0	1	0	0	0		40	31	5	5.0500002	26	.18000001	2	10	11.5	1.01	.88999999	1.26	2	2	1
146	1	0	1	0	0	1	0	0	0		0	32	4.5	5.0500002	26	.17	2	7	16	1.05	.99000001	1.05	4	3	1
149	1	0	1	0	0	1	0	0	0		8	10	3	5.0500002	26	.25	2	7	16	1.05	.94	.94	2	2	1
150	1	0	1	0	0	1	0	0	0	8	12	20	3	5.75	28	.57999998	2	7	15	1.11	.88	.88	3	2	1
156	1	0	1	0	0	1	0	0	0		2	18	2	5.0500002		.30000001	2	7	15	.94999999	.94	1.01	3		1
158	2	0	1	0	0	1	0	0	0		3	4	4	5.0500002	13	.25	1	11	11.5	.94999999	.94	2.49	3	2	1
159	2	0	1	0	0	1	0	0	0		10	5	4	5.25	13	.25	1	10.5	11.5	.94999999	.83999997	2.49	4	3	1
162	3	1	1	0	0	1	0	0	0		3	30	3	5.0500002	26	.18000001	2	7	15.5	1.11	1.01	1.05	6	5	1
166	4	0	1	0	0	1	0	0	0	1	0	35	4	5.0500002	26	.18000001	2	10.5	12.5	1.11	.83999997	1.26	2	2	1
168	1	0	1	0	0	1	0	0	0		0	32	4	5.25	10	.18000001	1	6	16	1.11	.94999999	1.14	3	1	1
171	1	1	1	0	0	1	0	0	1		10	12.5	5	5.0500002	4	.1	2	7	16	1.1799999	1.04	1.03	3	3	1
172	1	0	1	0	0	1	0	0	0	2	7	23	3	5.0500002	8	.18000001	1	9	13	1.11	1.01	1.05	6	3	1
173	1	0	1	0	0	1	0	0	0	1	11	30	5	5.0500002	26	.15000001	2	6	18	1.05	.94	1.04	4	3	1
174	1	0	1	0	0	1	0	0	1		20	20	3	5.0500002	4	.2	2	7	16	1.05	.89999998	.98000002	3	3	1
176	1	0	1	0	0	1	0	0	0	1	20	27.5	4	5.0500002			2	7	16	1.04	1.0599999				1
178	2	1	1	0	0	1	0	0	1		1	10	3	5.0500002	26	.25	1	11	10.5	1.01	.94	2.6400001	3	2	1
179	2	0	1	0	0	1	0	0	0	3	2	10	4	5.0500002	26	.2	1	10.5	11	.94	.83999997	2.49	3	3	1
180	2	0	1	0	0	1	0	0	1		0	17.5	4	5.0500002			2	11	12	1.05	1.05	2.8499999	4	4	1
182	2	0	1	1	0	0	0	0	1		0	15	3	5.0500002	26	.25	2	11.5	10	1.05	1	2.73	4	3	1
183	2	0	1	0	0	1	0	0	0	4	15	10	2	5.0500002	13	.25	2	11	10.5	1.05	1	2.75	4	3	1
185	2	0	1	0	1	0	0	0	1		2	6	3	5.0500002	26	.25	1	11	10.5	1.05	1	2.75	3	3	1
186	3	0	1	0	0	1	0	0	0	3	12	18	4	5.0500002	26		2	6	16	1.17	1.0599999	.94999999	5	3	1
189	3	0	1	0	0	1	0	0	0		0	19	3	5.0500002	52	.2	2	7	15	1.11	1.0599999	1.05	5	3	1
192	4	0	1	0	0	1	0	0	0		4.5	30	3	5.25	19	.18000001	2	10.5	12.5	1.05	.83999997	1.26	2	2	1
193	4	0	1	0	0	1	0	0	1	2	4	9	3	5.0500002	26	.13	2	9	13	1.01	.89999998	1.26	2	1	1
195	4	0	1	0	0	1	0	0	1	2	8	25	3	5.0500002	26	.15000001	2	10.5	12.5	.94	.83999997	2.1099999	2	2	1
198	1	0	1	0	0	1	0	0	0	8	10	32	4	5.0500002	26	.15000001	2	7	16	1.05	.94	.94	3	3	1
199	2	0	1	0	0	1	0	0	0		11	3	4	5.0500002	2	.44999999	1	11	10.5	.91000003	.89999998	2.45	4	3	1
200	1	0	1	0	0	1	0	0	0		5	40	4	5.0500002	52	.25	2	6.5	17.5	1.05	.94	.98000002	5	4	1
201	1	0	1	0	0	1	0	0	0		16	22	3	5.0500002	26	.28	1	7	17	1.05	.94999999	.94999999	3	3	1
202	1	0	1	0	0	1	0	0	0		13	11	4	5.0500002	4	.079999998	3	6	19	1.15	.94999999	.63999999	3	3	1
203	1	0	1	0	0	1	0	0	0		4	34	3	5.0500002	26	.18000001	0	7	17	1.05	.94999999	.94999999	3	2	1
204	1	0	1	0	0	1	0	0	0		12	13.5	3	5.0500002	13	.25	2	6.5	17.5	1.05	.99000001	1.05	3	2	1
207	2	1	1	0	0	1	0	0	0		8.5	6	2	5.1999998	52	.5	1	11	12	1.05	.83999997	2.3199999	5	3	1
208	3	1	1	0	0	1	0	0	0	2	5	32	3	5.0500002	26		2	8	14	1.0599999	1.0599999	1.05	5	5	1
209	3	1	1	0	0	1	0	0	0		6	37	4	5.0500002	26	.2	2	7	16	1.11	1.0599999	1.05	5	5	1
210	4	1	1	0	0	1	0	0	0		0	14	3	5.0500002	13	.2	2	10	11				4		1
211	1	0	1	1	0	0	0	0	0		2	35	4	5.0500002	4		2	7	15		.89999998		3	2	1
212	1	0	1	1	0	0	0	0	0		20	15	3	5.0500002	4	.52999997	2	7	16	1.05	.94	.88999999	2	2	1
213	1	1	1	1	0	0	0	0	0	2	12	17.5	4	5.0500002	19	.15000001	2	6.5	17.5	1.05	.94	.94	4	3	1
214	1	0	1	1	0	0	0	0	0	1	0	35	5	5.0500002			2	6.75	16.25	1.04	.93000001	.95999998	3	2	1
215	1	0	1	1	0	0	0	0	0		20	10	3	5.0500002	26	.15000001	3	7	16	.93000001	.83999997	.93000001	3	3	1
216	2	0	1	1	0	0	0	0	0		2	18	3	5.0500002	13	.2	2	11	10.5	1.05	.94	2.75	5	3	1
217	2	1	1	1	0	0	0	0	0		0	12	3	5.0500002	26	.2	1	10.5	10.5	.94	.73000002	2.3199999	4	4	1
218	2	1	1	1	0	0	0	0	0		5	3	3	5.0500002	26	.25	1	11	11	.94999999	.73000002	2.1900001	3	3	1
219	2	1	1	1	0	0	0	0	0		9	9	2	5.0500002	26	.18000001	1	10.5	10.5	.94	.73000002	2.53			1
220	2	0	1	1	0	0	0	0	0	1	3	12	3	5.0500002	13	.13	1	11	10	1.09	.89999998	2.75	4	3	1
221	2	0	1	1	0	0	0	0	0		1	15	3	5.0500002	13	.15000001	1	11	11	1.05	.94	2.53	4	3	1
222	3	1	1	1	0	0	0	0	0		2	15	3	5.0500002	26	.2	2	10	11.5	1.01	1.01	.88999999	3	1	1
223	3	1	1	1	0	0	0	0	0	2	3	20	3	5.0500002	28	.25	2	7	15	1.01	1.01	.94	3	2	1
225	3	1	1	1	0	0	0	0	0		12	25	4	5.0500002	4	.1	2	6	17	1.01	1.01	.94	5	3	1
226	4	0	1	1	0	0	0	0	0	1	0	26	2	5.3000002	52	.15000001	1	10.5	10.5	1	.85000002	.94	2	2	1
228	4	0	1	1	0	0	0	0	0		11	19	3	5.0500002			1	10.5	12.5	1	.83999997	.88999999	2		1
229	1	0	1	0	0	1	0	0	0		22	11	3	5.5	26	.15000001	2	8.5	13.5	1.01	.94	.94	4	3	1
230	1	0	1	0	0	1	0	0	0		15	17	3	5.0500002	26	.18000001	1	7	17	1.05	.94	.94	3	2	1
232	1	0	1	0	0	1	0	0	0	3	18	10	4	5.0500002	13	.25	2	7	15	1.05	.94999999	.94999999	3	2	1
233	1	0	1	0	0	1	0	0	0		15	7	3	5.0500002	26	.25	2	7	16	1.05	.94	.94	2	2	1
235	1	0	1	0	0	1	0	0	0	4		28	3	5.0500002	28	.5	2	8	15	1.11	1.11	1.03	4	2	1
237	1	0	1	0	0	1	0	0	0		9	17	4	5.0500002	4	.2	2	7	15.5	.94	.94	1	2	2	1
238	2	1	1	0	0	1	0	0	0		25	15	5	5.0500002	13	.25	1	11	12	1.05	1.05	2.3199999	5	3	1
239	2	0	1	0	0	1	0	0	0		0	19	2	5.0500002	26	.28	1	10.5	12.5	1.05	.83999997	2.3199999	5	3	1
243	3	1	1	0	0	1	0	0	0		7	22	3	5.0500002	26	.1	2	7	15.5	1.11	1.0599999	1.05	6	2	1
244	3	1	1	0	0	1	0	0	0		16	12	6	5.0500002	26	.25	2	7	17	1.11	1.12	1.05	5	3	1
247	4	0	1	0	0	1	0	0	0	7	0	40	4	5.0500002			2	10.5	15.5	1.11	1.09	2.0699999	2	2	1
248	4	0	1	0	0	1	0	0	0		10	14	6	5.0500002	26	.25	2	10	16	1.37	.94999999	2.03	2	1	1
249	1	0	1	1	0	0	0	0	1		10	12	3	5.0500002	4	.1	1	7	15	1.01	1.01	.94	3	2	1
250	2	1	1	1	0	0	0	0	1		2	4	3	5.0500002	6	.25	1	11	10	.94	.83999997	2.52	5	3	1
253	3	1	1	1	0	0	0	0	0		4	8	6	5.0500002	52	.23	2	7	16	1.23	1.11	2.28	3	2	1
257	1	0	1	1	0	0	0	0	1	2															1
258	1	0	1	1	0	0	0	0	0		20	18	3	5.0500002	13		2	6	18	1.08	.94	.83999997	3	3	1
260	1	1	1	1	0	0	0	0	0		4	26	5	5.0500002	8	.28	2	7	16	1.09	.94	.93000001	3	3	1
262	1	0	1	1	0	0	0	0	0		0	22.5	3	5.0500002		.25	2	6.5	17.5	1.08	1.02	.87	3	3	1
264	1	0	1	1	0	0	0	0	0	2	0	23	5	5.0500002	14		2	7	16	1.05	1.11	.94	3	3	1
265	1	0	1	1	0	0	0	0	0	1	0	0	0												1
267	1	0	1	1	0	0	0	0	0		30	25	5	5.0500002	26	.2	3	7	16	1.05	.88	.91000003	3	2	1
269	2	1	1	1	0	0	0	0	0	3	10	3	4	5.0500002	26	.17	2	11	11	.94	.73000002	2.3199999	4	3	1
273	2	1	1	1	0	0	0	0	0	2	2	11	3	5.0500002	6	.18000001	1	11	10	.94999999	.74000001	2.3199999	4	3	1
275	2	1	1	1	0	0	0	0	0	2	1	8	2	5.0500002	13	.38999999	1	11	10.5	.94	.73000002	2.3199999	4	2	1
277	2	1	1	1	0	0	0	0	0	1	1	14	3	5.0500002			1	11	10	.94	.73000002	2.3199999	3	3	1
278	2	1	1	1	0	0	0	0	0		0	9	4	5.0500002			1	11	11	.94999999	.73000002	2.3199999	5	3	1
282	3	1	1	1	0	0	0	0	0	1	0	0	0												1
284	3	1	1	1	0	0	0	0	0	1	6	12	3	5.0500002	26	.28	2	6	16	1.01	1.01	.94	4	3	1
285	3	1	1	1	0	0	0	0	0		3	15	3	5.0500002	52	.13	2	6	16	1.01	1.01	1.01	4	2	1
286	3	1	1	1	0	0	0	0	0	1	2	15	3	5.0500002	26	.18000001	2	10	11.5	1.02	1.01	.94	2	1	1
287	3	1	1	1	0	0	0	0	0		2	15	3	5.0500002	4	.15000001	2	6	16	1.01	1.01	.94	5	3	1
288	3	1	1	1	0	0	0	0	0		5	9	3	5.0500002	19	.15000001	2	6	16	1.01	1.01	.88999999	5	2	1
289	3	1	1	1	0	0	0	0	0		3	10	2	5.0500002	26	.25	2	7	15	1.01	1.01	2	6	3	1
290	4	0	1	1	0	0	0	0	0	1	0	23	2	5.0500002			1	10.5	11.5	1	.85000002	.94	2	2	1
291	4	0	1	1	0	0	0	0	0		5	16	3	5.0999999	17	.1	2	10.5	11.5	1	.85000002	.94	2	2	1
292	4	0	1	1	0	0	0	0	1		15	11	3	5.0500002	52	.25	1	7	16	1	.83999997	2.6900001	2	2	1
295	1	0	1	0	0	1	0	0	0	1		21	4	5.0500002	28	.18000001	2	6	18	1.05	.94	.94	3	3	1
297	1	1	1	0	0	1	0	0	0	2	15	30	4	5.0500002	26	.15000001	2	7	16	1.05	.94	.98000002	3	2	1
303	3	1	1	0	0	1	0	0	0		12	35	3	5.0500002	13	.15000001	2	7	16	1.05	1.05	1.05	5	3	1
304	3	0	1	0	0	1	0	0	0		10	15	4	5.0500002	26	.38	1	0	24	1.4	1.29	1.05	5	5	1
305	3	1	1	0	0	1	0	0	0	1	5	22	4	5.0500002	2	.34999999	1	6	18	1.37	1.3099999	1.05	5	4	1
307	3	1	1	0	0	1	0	0	0	1	25	25	6	5.1999998			2	0	24	1.26		1.05	5	5	1
310	4	0	1	0	0	1	0	0	0		3	23	3	5.0500002	26	.30000001	2	10.5	11.5	.97000003	.89999998	2.0599999	2	2	1
312	1	0	1	1	0	0	0	0	1		3	2	3	5.0500002	4	.25	1	9	10	1.26	1.05	1.02	3	1	1
313	1	0	1	1	0	0	0	0	1		0	30		5.0500002	8	.25	1	7	15	1	1.01	.88999999	3	3	1
314	1	0	1	1	0	0	0	0	1		15	6	4	5.25	13	.15000001	1	6	16	1.05	.74000001	.94	3	3	1
316	1	1	1	1	0	0	0	0	1		12	14	3	5.0500002	26	.15000001	2	7	16	1.05	.94	.94			1
317	1	0	1	1	0	0	0	0	1	1	4	0	3	5.0500002	8	.13	1	8	10.5	1.26	1.05	1.05	2	1	1
318	2	0	1	1	0	0	0	0	1		7	6	4	5.0500002	13	.5	1	10.5	11.5	1.11	.94999999	2.5899999	3	3	1
319	2	0	1	1	0	0	0	0	1		22	4	3	5.0500002	13	.25	1	10.5	11.5	.94999999	.89999998	2.4300001	4	3	1
322	3	1	1	1	0	0	0	0	1	1	12	5	4	5.0500002	13		2	7	15	.95999998	1.01	.94	6	3	1
325	3	1	1	1	0	0	0	0	1		1	15	3	5.0500002	26	.1	2	7	15	1.02	1.01	1.01	6	3	1
333	1	0	1	0	1	0	0	0	0		3	20	3	5.0500002	13	.18000001	2	7	15	1.04	.87	.87	3	3	1
336	1	0	1	1	0	0	0	0	0		10	20	5	5.0500002	6	.2	2	6	16	.94999999	1.05	.94	3	3	1
337	1	1	1	1	0	0	0	0	0		25	5	3	5.0500002	26		2	7	17						1
339	1	1	1	1	0	0	0	0	0		5	9	2	5.0500002	13	.25	1	7	16	.94999999	.94999999	.94999999	3	3	1
340	1	0	1	1	0	0	0	0	0		15	17	2	5.0500002	8	.15000001	2	6	16	1.05	.83999997	.83999997	5	4	1
341	2	1	1	1	0	0	0	0	0		3	7	3	5.0500002			1	11	11	.89999998	.83999997	2.3199999	4	2	1
343	2	1	1	1	0	0	0	0	0	4	4	11	2	5.0500002	6	.15000001	2	11	12	.94999999	.85000002	2.3199999	4	3	1
346	2	1	1	1	0	0	0	0	0		3	12	3				1	11	11	.85000002					1
348	3	1	1	0	1	0	0	0	0	1	0	0	0												1
350	3	1	1	1	0	0	0	0	0	1	5	20	2	5.0500002	13	.23	2	6	17	1.01	1.01	.88999999	5	4	1
351	3	1	1	1	0	0	0	0	0	2	10	20	4	5.0500002	52	.52999997	2	6	16	1.01	1.01	.73000002	4	2	1
352	3	1	1	0	0	1	0	0	0	9										.94999999	.94999999	.88999999			1
353	3	1	1	1	0	0	0	0	0	4		31	4	5.0500002	28		2	6	16	1.01	1.01	.88999999	3	3	1
355	4	0	1	0	1	0	0	0	0		3	17	2				1	10.5	11.5	1	.85000002	.88999999	2	2	1
359	1	1	1	1	0	0	0	0	0		0	26	4	5.0500002	26	.25	2	7	16	1.05	.87	.81999999	3	2	1
360	1	0	1	1	0	0	0	0	0		5	32	7	5.0500002	4	.25	2	7	16	1.05	.87	.81999999	3	3	1
361	1	0	1	1	0	0	0	0	0		4	23	6	5.0500002	26	.18000001	2	7	16	.89999998	.93000001	.92000002	3	2	1
362	2	0	1	1	0	0	0	0	0		24	4	4	5.0500002	13	.18000001	1	10.5	12.5	1.05	.83999997	2.4300001	5	3	1
363	2	0	1	1	0	0	0	0	0		14	7	2	5.1999998	4	.13	2	10.5	12.5	1.01	.80000001	2.4300001	4	4	1
364	2	0	1	1	0	0	0	0	0		1	30	4	5.0500002	52	.25	1	10.5	12.5	1.05	.83999997	2.4300001	5	3	1
366	3	0	1	1	0	0	0	0	0	1	1	19	4	5.0500002	13	.25	2	10.5	11.5	1.01	.89999998	.63	4	3	1
368	4	0	1	1	0	0	0	0	0		0	25	2	5.0500002	19	.15000001	1	10.5	11.5	1	.85000002	.94999999	2	2	1
369	1	1	1	0	0	1	0	0	0		0	0	0												1
370	1	0	1	0	0	1	0	0	0		26	5	3	5.0500002		.1	3	7	16				3	2	1
376	1	0	1	0	0	1	0	0	0	2	0	17	3	5.0500002	15	.2	2	8	14	1.26	1.01	1	3	3	1
377	1	0	1	0	0	1	0	0	0		11	12	3	5.0500002	26	.2	2	8	14	1.05	.94999999	.94	3	1	1
379	1	0	1	0	0	1	0	0	0	1	28	6	3	5.0500002	52	.15000001	1	7	16	1.0599999	1.0599999	1.0599999	3	2	1
380	1	0	1	0	0	1	0	0	0		15	14	3	5.0500002	26	.13	1	7	16	1.05	.94	.94	3	2	1
383	1	0	1	0	0	1	0	0	0	2	7	2	2	5.0500002	26	.38	1	7	16	1.16	1.01	1.05	2	2	1
384	1	0	1	0	0	1	0	0	0		0	30	3	5.0500002	26	.1	3	7	16	1.05	1.05	.88999999	3	2	1
385	1	0	1	0	0	1	0	0	0	4	15	14	3	5.0500002	28	.1	2	7	17	1.16	1.22	.41	3	3	1
386	1	0	1	0	0	1	0	0	0		14	10	4	5.0500002	26	.25	1	7	17	1.05	.94999999	.94999999	4	2	1
391	2	0	1	0	0	1	0	0	0	2	12	7	2	5.0500002			2	11	10	1.05	1.05	2.6400001	4	3	1
393	2	1	1	0	0	1	0	0	0	3	18	4	3	5.25	13	.25	1	11	11	1.16	1.26	2.75	3	2	1
396	3	1	1	0	0	1	0	0	0		8	30	3	5.4000001	26	.1	2	7	16	1.11	1.05	1.05	5	3	1
397	3	1	1	0	0	1	0	0	0	9	6	15	3	5.0500002	52	.23999999	2	6	17	1.17	1.0599999	2.1099999	4	3	1
398	3	1	1	0	0	1	0	0	0	2	25	15	3	5.0500002	28		2	6	17	1.11	1.0599999	1.05	5	3	1
399	3	1	1	0	0	1	0	0	0		18	18	4	5.0500002	26	.23	2	7	16	1.26	1.08	1.05	7	4	1
400	3	1	1	0	0	1	0	0	0		8	24	3	5.0500002	41	.15000001	2	7	16	1.17	1.01	1.05	5	3	1
401	3	0	1	0	0	1	0	0	0	2	5	27	4	5.0500002	26	.15000001	2	6	16	1.12	1.05	1.05	6	4	1
402	3	1	1	0	0	1	0	0	0		17	5	2	5.0500002	26	.13	2	7	15	1.11	1.05	1.05	4	1	1
405	3	1	1	0	0	1	0	0	0		1.5	15	3	5.0500002	26	.15000001	2	7	16	1.12	1.01	1.05	6	3	1
410	1	0	1	0	0	1	0	0	0		0	35	3	5.0500002	26	.1	2	7	16	1.1900001	.98000002	1.01	4	3	1
411	1	0	1	0	0	1	0	0	0		4	36	3	5.0500002	4	.13	2	7	16	1.15	1.01	1.01	5	4	1
412	2	0	1	0	1	0	0	0	0		0	13	2	5.0500002			1	11	11	1.15	1.05	2.6400001	5	3	1
413	1	0	1	0	0	1	0	0	0		0	20	3	5.0500002	26	.13	1	7	17	1.11	1.01	1.05	4	2	1
414	1	0	1	0	0	1	0	0	0		13	9	4	5.0500002	26	.38	3	7	16	1.15	.94999999	1.13	4	3	1
415	1	0	1	0	0	1	0	0	0		0	38	4	5.0500002	52		2	7	16	1.05	.89999998	1.04	4	2	1
417	1	1	1	0	0	1	0	0	0		13	17	4	5.0500002	26	.15000001	3	7	16	1.11	1.09	1	3	2	1
418	1	0	1	0	0	1	0	0	0		0	35	4	5.0500002	26	.15000001	2	7	16	1.03	.89999998	.58999997	3	3	1
419	2	1	1	0	0	1	0	0	0	4	5	5	2	5.0500002			1	11	11	1.05	.83999997	2.53	4	3	1
421	2	1	1	0	0	1	0	0	0	3	25	7	8	5.0500002	4	1	2	10.5	13	1.05	.83999997	2.3199999	4	2	1
422	2	0	1	0	0	1	0	0	0	2	5	10	6	5.0500002			1	11	11	1.01	.83999997	2.3199999	4	4	1
423	2	1	1	0	0	1	0	0	0	1	19	3.5	3	5.25	13	.5	1	11	11	1.05	.83999997	2.3199999	3	2	1
424	2	1	1	0	0	1	0	0	0	1	12	3	4	5.25	19	.5	1	11	14	1.05	.94	2.3199999	5	3	1
426	3	1	1	0	0	1	0	0	0		5	25	3	5.0500002	19	.25	2	6	18	1.11	1.05	1.05	6	5	1
427	4	0	1	0	0	1	0	0	0	4	0	35	3	5.0500002			2	10.5	12.5	1.11	1.09	2.0699999	2	2	1
428	4	0	1	0	0	1	0	0	0		10	24	3	5.1399999	13	.1	2	10.5	12.5	1.05	.88999999	2.1099999	2	2	1
