year	emp	wage	cap	indoutpt	n	w	k	ys	id
1977	5.0409999	13.1516	.58939999	95.707199	1.6176045	2.5765433	-.52865022	4.5612936	1
1978	5.5999999	12.3018	.6318	97.356903	1.7227666	2.5097456	-.45918241	4.5783834	1
1979	5.0149999	12.8395	.6771	99.608299	1.6124334	2.5525265	-.3899363	4.6012454	1
1980	4.7150002	13.8039	.6171	100.5501	1.5507489	2.6249511	-.48272419	4.6106563	1
1981	4.0929999	14.2897	.50760001	99.558098	1.4092782	2.659539	-.67806154	4.6007414	1
1982	3.1659999	14.8681	.42289999	98.615097	1.1524689	2.699218	-.86061954	4.5912242	1
1983	2.9360001	13.7784	.39199999	100.0301	1.0770482	2.6231022	-.93649346	4.6054711	1
1977	71.319	14.7909	16.9363	95.707199	4.2671628	2.6940122	2.8294592	4.5612936	2
1978	70.642998	14.1036	17.242201	97.356903	4.2576389	2.64643	2.8473599	4.5783834	2
1979	70.917999	14.9534	17.5413	99.608299	4.2615242	2.7049387	2.864558	4.6012454	2
1980	72.030998	15.491	17.6574	100.5501	4.2770967	2.7402592	2.871155	4.6106563	2
1981	73.689003	16.196899	16.713301	99.558098	4.2998538	2.7848198	2.8162048	4.6007414	2
1982	72.418999	16.131399	16.246901	98.615097	4.2824688	2.7807677	2.7879021	4.5912242	2
1983	68.517998	16.305099	17.3696	100.0301	4.2270966	2.7914779	2.8547215	4.6054711	2
1977	19.156	22.691999	7.0974998	95.707199	2.952616	3.1220124	1.9597425	4.5612936	3
1978	19.440001	20.6938	6.9468999	97.356903	2.9673328	3.029834	1.9382955	4.5783834	3
1979	19.9	21.2048	6.8565001	99.608299	2.9907198	3.0542276	1.9251971	4.6012454	3
1980	20.24	22.197001	6.6546998	100.5501	3.0076609	3.0999572	1.8953234	4.6106563	3
1981	19.57	24.871401	6.2136002	99.558098	2.9739978	3.2137187	1.8267405	4.6007414	3
1982	18.125	24.8447	5.7146001	98.615097	2.8972921	3.2126443	1.7430243	4.5912242	3
1983	16.85	28.9077	7.3431001	100.0301	2.8243506	3.3641081	1.9937611	4.6054711	3
1977	26.16	14.8283	8.4902	118.2223	3.2642314	2.6965375	2.1389127	4.7725668	4
1978	26.74	14.8379	8.7419996	120.1551	3.2861605	2.6971848	2.168139	4.7887836	4
1979	27.280001	14.8756	9.1869001	118.8319	3.3061538	2.6997223	2.2177787	4.77771	4
1980	27.83	15.2332	9.4035997	111.9164	3.3261147	2.7234774	2.2410927	4.717752	4
1981	27.169001	17.252899	8.8938999	97.554001	3.3020766	2.8479803	2.1853657	4.5804062	4
1982	24.504	19.314199	8.3905001	92.198196	3.1988363	2.9608405	2.1271002	4.5239406	4
1983	22.562	20.005501	7.4351001	92.404099	3.1162672	2.9960072	2.006212	4.5261712	4
1976	86.677002	20.632299	22.3804	94.899101	4.4621887	3.0268579	3.1081855	4.552814	5
1977	87.099998	18.2782	22.2703	96.503799	4.4670568	2.905709	3.1032538	4.5695825	5
1978	87	18.1369	25.167	98.816299	4.4659081	2.8979485	3.2255337	4.5932627	5
1979	90.400002	18.1896	25.3515	100.4835	4.5042443	2.9008501	3.2328379	4.6099935	5
1980	89.199997	19.289301	28.239401	100.1223	4.490881	2.9595506	3.3407183	4.6063924	5
1981	82.699997	19.8242	25.7959	98.527	4.4152198	2.9869034	3.2502155	4.5903306	5
1982	73.699997	19.3873	20.368099	99.508301	4.3000026	2.9646182	3.0139699	4.6002412	5
1976	.74800003	23.1889	.16940001	102.7724	-.29035226	3.1436737	-1.7754924	4.6325169	6
1977	.76599997	20.539301	.1618	107.027	-.26657313	3.0223401	-1.8213943	4.6730809	6
1978	.76200002	20.9387	.1499	108.6788	-.27180868	3.041599	-1.8977869	4.6883969	6
1979	.72899997	21.7626	.14579999	111.119	-.31608158	3.0801928	-1.9255195	4.7106018	6
1980	.73100001	23.470699	.1468	101.9265	-.3133418	3.1557529	-1.9186842	4.6242518	6
1981	.77899998	24.1252	.14120001	99.497101	-.24974425	3.1832569	-1.9575779	4.6001287	6
1982	.78200001	25.206499	.1261	99.310303	-.24590053	3.2271018	-2.0706799	4.5982494	6
1976	1.6	30.851299	.99339998	104.7664	.47000363	3.429179	-.0066218986	4.6517329	7
1977	1.65	28.555	.93300003	107.4791	.50077528	3.3518322	-.069350049	4.6772966	7
1978	1.6799999	29.860201	.96499997	108.9188	.51879376	3.3965266	-.035627205	4.6906028	7
1979	1.6799999	30.589399	.96289998	111.5591	.51879376	3.4206536	-.037805732	4.7145543	7
1980	1.66	27.4886	.9224	100	.50681758	3.3137712	-.080776311	4.6051702	7
1981	1.5599999	31.486799	.99919999	99.3965	.44468579	3.4495683	-.00080033374	4.5991168	7
1982	1.54	32.0728	.88020003	99.293098	.43178239	3.4680083	-.12760609	4.5980759	7
1976	9.1450005	30.908899	4.5486002	104.7664	2.2132072	3.4310441	1.5148195	4.6517329	8
1977	10.855	24.467899	4.6194	107.4791	2.3846257	3.1973619	1.5302649	4.6772966	8
1978	10.749	28.055799	5.0373001	108.9188	2.3748126	3.3341954	1.6168703	4.6906028	8
1979	10.959	28.744499	4.8748002	111.5591	2.394161	3.3584464	1.5840791	4.7145543	8
1980	10.698	28.485399	3.2221	100	2.3700569	3.3493917	1.1700333	4.6051702	8
1981	8.1739998	31.7356	2.8343	99.3965	2.1009583	3.4574389	1.041795	4.5991168	8
1982	4.7010002	29.896299	1.7506	99.293098	1.5477753	3.3977346	.55995858	4.5980759	8
1976	2.006	26.0825	.38240001	102.7724	.69614273	3.2612646	-.96128809	4.6325169	9
1977	2.6559999	21.9545	.4551	107.027	.97682118	3.0889721	-.78723812	4.6730809	9
1978	2.7119999	22.809999	.45289999	108.6788	.99768633	3.1271989	-.79208392	4.6883969	9
1979	2.744	23.372	.4524	111.119	1.0094167	3.1515386	-.79318851	4.7106018	9
1980	2.757	23.0737	.46759999	101.9265	1.0141431	3.1386933	-.76014209	4.6242518	9
1981	2.849	24.304399	.48100001	99.497101	1.0469681	3.1906574	-.731888	4.6001287	9
1982	2.7520001	26.898399	.47530001	99.310303	1.0123279	3.2920668	-.74380904	4.5982494	9
1976	3.823	23.3533	1.1293	95.3657	1.3410355	3.1507382	.12159797	4.5577188	10
1977	3.9349999	21.3251	1.0143	96.731499	1.3699108	3.0598848	.014198708	4.571939	10
1978	3.5280001	20.9319	1.1169	99.233299	1.2607312	3.0412743	.11055696	4.5974736	10
1979	3.52	20.4536	1.1626	100.7335	1.258461	3.0181589	.15065891	4.6124783	10
1980	3.467	23.4946	1.0827	100	1.2432897	3.1567707	.079457931	4.6051702	10
1981	3.0899999	25.955299	1.0635999	98.232399	1.1281711	3.2563758	.061659329	4.5873361	10
1982	3.2620001	26.0361	1.0958	99.763496	1.1823405	3.2594841	.091484725	4.6028023	10
1976	1.359	23.061399	.40990001	104.7664	.30674911	3.1381602	-.89184201	4.6517329	11
1977	1.346	20.227501	.57410002	107.4791	.2971372	3.0070431	-.55495167	4.6772966	11
1978	1.3380001	22.143499	.55629998	108.9188	.29117599	3.097544	-.5864476	4.6906028	11
1979	1.353	22.549601	.51450002	111.5591	.30232438	3.1157174	-.66455966	4.7145543	11
1980	1.2640001	22.5875	.58950001	100	.23428135	3.1173966	-.52848053	4.6051702	11
1981	1.158	25.9585	.48469999	99.3965	.14669438	3.2564991	-.72422516	4.5991168	11
1982	1.175	24.0345	.4359	99.293098	.1612681	3.1794903	-.83034241	4.5980759	11
1976	1.78	34.299099	.25690001	104.7664	.57661337	3.5351191	-1.3590683	4.6517329	12
1977	1.643	30.3979	.20720001	107.4791	.49652386	3.4143734	-1.5740707	4.6772966	12
1978	1.39	31.143101	.1999	108.9188	.32930374	3.4385927	-1.609938	4.6906028	12
1979	1.35	33.310501	.2007	111.5591	.30010462	3.5058727	-1.605944	4.7145543	12
1980	1.082	30.214701	.1473	100	.078811198	3.4083285	-1.9152839	4.6051702	12
1981	.77999997	29.7414	.1158	99.3965	-.2484614	3.39254	-2.1558907	4.5991168	12
1982	.68000001	31.123501	.1036	99.293098	-.38566247	3.4379632	-2.2672179	4.5980759	12
1976	2.3529999	22.383301	.57849997	125.8064	.85569108	3.1083152	-.54731679	4.834744	13
1977	2.3859999	23.060699	.56129998	127.9649	.8696183	3.1381299	-.57749981	4.8517561	13
1978	2.375	23.493099	.5273	125.4294	.86499745	3.1567068	-.63998562	4.8317432	13
1979	2.415	26.0042	.51800001	125.0259	.88169926	3.2582581	-.65778005	4.8285208	13
1980	2.266	24.167101	.46079999	106.3044	.81801617	3.1849923	-.77479118	4.6663065	13
1981	1.777	26.057301	.375	98.072899	.5749265	3.260298	-.98082924	4.585711	13
1982	1.5369999	28.7064	.31470001	96.867401	.42983243	3.35712	-1.1561354	4.5733433	13
1978	3.165	20.911301	.39019999	127.3866	1.152153	3.0402896	-.94109589	4.8472266	14
1979	3.096	21.8887	.43110001	124.6424	1.130111	3.0859706	-.84141517	4.825449	14
1980	2.9909999	23.701	.4228	118.9132	1.0956078	3.1655173	-.860856	4.7783937	14
1981	2.6919999	21.3925	.38100001	99.357597	.99028438	3.0630405	-.96495587	4.5987253	14
1982	2.175	25.523701	.30509999	97.242798	.77702862	3.2396076	-1.1871157	4.5772109	14
1983	1.801	25.7211	.2041	97.194397	.58834207	3.2473116	-1.5891452	4.5767131	14
1984	1.428	25.645201	.16850001	99.986198	.35627484	3.2443564	-1.7808195	4.605032	14
1977	7.2199998	22.5898	1.8498	105.3355	1.9768549	3.1174984	.6150775	4.6571507	15
1978	7.3210001	22.054899	1.9215	108.1833	1.990747	3.0935347	.65310609	4.6838269	15
1979	7.0970001	22.290199	2.1854999	110.6984	1.9596722	3.1041472	.78184462	4.7068095	15
1980	7.2010002	20.680799	2.4345	105.9673	1.9742199	3.0292058	.88974136	4.6631308	15
1981	6.6020002	21.615101	2.1255	96.593102	1.8873726	3.0733922	.75400704	4.5705075	15
1982	5.3109999	23.1551	1.5594	92.001297	1.6697801	3.142215	.4443011	4.5218029	15
1983	5.3940001	25.099899	1.3576	92.248802	1.6852872	3.2228639	.30571842	4.5244894	15
1976	2.757	29.3517	.91750002	116.4	1.0141431	3.3793504	-.086102679	4.7570324	16
1977	2.632	27.0686	.86129999	115.7	.96774399	3.2983744	-.14931241	4.7510004	16
1978	2.6470001	27.2752	.85189998	112.8	.97342694	3.3059778	-.16028616	4.7256165	16
1979	2.687	26.6444	.52770001	108.9	.98842531	3.2825789	-.63922733	4.6904302	16
1980	2.4170001	25.3591	.5262	100	.88252711	3.2331376	-.64207393	4.6051702	16
1981	2.2179999	25.2731	.56599998	89.199997	.79660589	3.2297406	-.56916124	4.490881	16
1982	2.1059999	27.444599	.51120001	90.5	.74479038	3.3121693	-.67099434	4.5053496	16
1977	1.09	23.9352	.12819999	127.164	.086177729	3.1753502	-2.0541637	4.8454776	17
1978	1.1440001	22.613899	.1393	127.3866	.13453095	3.1185648	-1.9711254	4.8472266	17
1979	1.1950001	23.080099	.1795	124.6424	.17814623	3.1389709	-1.7175801	4.825449	17
1980	1.2589999	25.034599	.18350001	118.9132	.23031771	3.220259	-1.6955405	4.7783937	17
1981	1.319	24.258699	.17309999	99.357597	.27687389	3.1887753	-1.7538859	4.5987253	17
1982	1.188	28.4659	.1471	97.242798	.17227119	3.348707	-1.9166427	4.5772109	17
1983	1.163	29.4594	.1246	97.194397	.15100287	3.383013	-2.0826466	4.5767131	17
1977	7.4070001	29.968901	1.1694	116.225	2.0024254	3.4001603	.15649077	4.755528	18
1978	7.3920002	26.261101	1.2643	114.975	2.0003984	3.2680888	.2345186	4.7447147	18
1979	7.198	25.7528	1.3536	111.825	1.9738032	3.2485433	.30276772	4.7169352	18
1980	6.8720002	24.319799	1.5671999	106.675	1.9274552	3.1912909	.44929054	4.6697869	18
1981	6.131	24.3181	1.3429	97.300003	1.8133578	3.191221	.29483148	4.5777988	18
1982	5.7849998	26.5473	1.1385	89.525002	1.7552683	3.278928	.12971158	4.4945178	18
1983	5.487	26.593	.96030003	89.599998	1.7023816	3.280648	-.040509515	4.4953551	18
1976	23.531	34.020401	5.4762001	116.4	3.1583188	3.5269604	1.7004114	4.7570324	19
1977	22.521	30.319099	5.0655999	115.7	3.1144483	3.411778	1.6224725	4.7510004	19
1978	21.865999	29.191999	5.0976	112.8	3.0849328	3.3738947	1.6287699	4.7256165	19
1979	21.066999	28.636499	5.7196002	108.9	3.0477078	3.3546822	1.7438989	4.6904302	19
1980	19.238001	29.714399	4.9972	100	2.9568875	3.3916318	1.6088778	4.6051702	19
1981	16.247999	31.3375	4.6638999	89.199997	2.7879698	3.4448154	1.539852	4.490881	19
1982	14.928	33.852798	4.1429	90.5	2.7032387	3.5220218	1.421396	4.5053496	19
1977	1.053	28.045	.13860001	116.225	.051643208	3.3338103	-1.9761631	4.755528	20
1978	1.117	26.5632	.16060001	114.975	.11064651	3.2795267	-1.8288385	4.7447147	20
1979	1.125	25.6042	.16949999	111.825	.11778303	3.2427564	-1.7749023	4.7169352	20
1980	1.04	25.6604	.2401	106.675	.039220676	3.2449489	-1.4266998	4.6697869	20
1981	.995	25.49	.2132	97.300003	-.0050125369	3.2382863	-1.5455246	4.5777988	20
1982	.92299998	25.537001	.2017	89.525002	-.080126069	3.2401285	-1.6009738	4.4945178	20
1983	.90799999	26.4244	.1876	89.599998	-.096510909	3.2742879	-1.6734432	4.4953551	20
1977	1.9910001	29.687	.42910001	116.225	.68863708	3.3907092	-.84606528	4.755528	21
1978	2.671	28.128401	.53780001	114.975	.98245293	3.3367798	-.62026852	4.7447147	21
1979	2.937	26.5734	.56919998	111.825	1.0773886	3.2799108	-.56352347	4.7169352	21
1980	3.0150001	25.546101	.65750003	106.675	1.1035999	3.2404847	-.41931048	4.6697869	21
1981	2.701	25.4198	.59719998	97.300003	.99362206	3.2355285	-.51550323	4.5777988	21
1982	1.817	27.2402	.49340001	89.525002	.5971868	3.3046939	-.70643508	4.4945178	21
1983	1.631	28.7047	.40419999	89.599998	.48919335	3.3570609	-.90584552	4.4953551	21
1976	1.4	28.5597	.1816	116.4	.33647221	3.3519967	-1.7059488	4.7570324	22
1977	1.4529999	25.001499	.18340001	115.7	.37363034	3.2189357	-1.6960857	4.7510004	22
1978	1.525	23.435801	.1812	112.8	.42199439	3.1542647	-1.7081538	4.7256165	22
1979	1.559	23.120199	.1997	108.9	.44404459	3.1407068	-1.610939	4.6904302	22
1980	1.548	23.26	.1858	100	.43696377	3.1467352	-1.6830845	4.6051702	22
1981	1.339	20.0583	.15109999	89.199997	.29192305	2.9986429	-1.8898134	4.490881	22
1982	1.031	21.144899	.132	90.5	.030529223	3.0513988	-2.0249534	4.5053496	22
1976	10.555	32.507	1.3305	116.4	2.3565998	3.4814556	.28555483	4.7570324	23
1977	10.095	28.9027	1.3557	115.7	2.3120403	3.363935	.30431795	4.7510004	23
1978	8.8999996	26.858299	1.5965	112.8	2.1860511	3.2905748	.46781376	4.7256165	23
1979	8.5389996	27.1607	1.2885	108.9	2.1446438	3.3017712	.25347871	4.6904302	23
1980	6.448	28.3155	1.1389	100	1.86377	3.3434093	.13006292	4.6051702	23
1981	5.4050002	26.8969	.87840003	89.199997	1.6873245	3.292011	-.12965317	4.490881	23
1982	4.7090001	29.211901	.76370001	90.5	1.5494756	3.3745761	-.26958022	4.5053496	23
1976	1.674	27.5898	.3863	116.4	.51521599	3.3174462	-.951141	4.7570324	24
1977	1.78	24.638599	.4104	115.7	.57661337	3.2043142	-.89062297	4.7510004	24
1978	1.817	23.638599	.49360001	112.8	.5971868	3.1628809	-.70602977	4.7256165	24
1979	1.795	23.511801	.49079999	108.9	.58500499	3.1575024	-.71171856	4.6904302	24
1980	1.715	23.696301	.4465	100	.53941309	3.165319	-.8063159	4.6051702	24
1981	1.295	22.0786	.34119999	89.199997	.25851065	3.0946088	-1.0752865	4.490881	24
1982	1.2079999	28.113899	.31569999	90.5	.18896605	3.3362641	-1.1529629	4.5053496	24
1976	.77200001	34.499802	.0616	116.4	-.2587707	3.5409536	-2.7870934	4.7570324	25
1977	.78799999	30.2071	.063600004	115.7	-.2382572	3.408077	-2.7551417	4.7510004	25
1978	.81999999	29.8638	.0704	112.8	-.19845095	3.396647	-2.6535621	4.7256165	25
1979	.82099998	28.6675	.095799997	108.9	-.19723219	3.3557642	-2.3454926	4.6904302	25
1980	.82800001	27.4259	.084299996	100	-.18874212	3.3114879	-2.4733734	4.6051702	25
1981	.81099999	23.242399	.068000004	89.199997	-.20948724	3.1459782	-2.6882474	4.490881	25
1982	.74199998	27.2418	.057	90.5	-.29840606	3.3047526	-2.8647039	4.5053496	25
1976	3.086	29.152	.50279999	116.4	1.1268758	3.3725235	-.68756282	4.7570324	26
1977	3.3010001	26.433201	.54619998	115.7	1.1942254	3.2746208	-.60477012	4.7510004	26
1978	3.3789999	26.1043	.60399997	112.8	1.2175798	3.2621	-.50418115	4.7256165	26
1979	3.319	24.9252	.5589	108.9	1.1996635	3.2158792	-.58178473	4.6904302	26
1980	3.1340001	25.307699	.58950001	100	1.1423101	3.2311087	-.52848053	4.6051702	26
1981	2.71	26.459499	.47549999	89.199997	.99694866	3.2756152	-.74338841	4.490881	26
1982	2.5050001	27.286301	.54369998	90.5	.91828877	3.3063848	-.60935771	4.5053496	26
1978	6.5749998	25.9762	1.7454	112.8	1.8832746	3.2571807	.55698371	4.7256165	27
1979	6.3769999	25.728001	1.8971	108.9	1.8526977	3.2475798	.64032638	4.6904302	27
1980	5.7519999	26.0471	1.6784	100	1.7495476	3.2599065	.51784098	4.6051702	27
1981	4.8699999	25.929701	1.5908999	89.199997	1.5830939	3.255389	.46429986	4.490881	27
1982	4.4050002	27.816401	1.4754	90.5	1.4827403	3.3256259	.38892913	4.5053496	27
1983	7.3340001	19.2866	1.439	86.900002	1.992521	2.9594107	.36394843	4.4647579	27
1984	7.145	32.038799	1.4052	87.400002	1.9664128	3.4669476	.34017965	4.4704952	27
1977	.61900002	13.2329	.033599999	93.949997	-.47964999	2.5827062	-3.3932292	4.5427628	28
1978	.72600001	13.6601	.039500002	98.199997	-.32020524	2.6144791	-3.2314546	4.5870061	28
1979	.773	14.4508	.043699998	102.5667	-.25747624	2.6707497	-3.1304071	4.6305132	28
1980	.70899999	14.4125	.057399999	102.0167	-.34389976	2.6680958	-2.8577111	4.6251364	28
1981	.65100002	15.0915	.054299999	99.491699	-.42924559	2.7141316	-2.9132311	4.6000743	28
1982	.52100003	16.374399	.044199999	94.258301	-.6520052	2.7957191	-3.1190305	4.5460391	28
1983	.49700001	17.137199	.0396	99.058296	-.69916523	2.8412516	-3.2289262	4.5957084	28
1977	1.11	28.0152	.1242	95.699997	.10436003	3.3327472	-2.0858622	4.5612183	29
1978	1.1390001	28.0714	.13940001	100.2	.13015074	3.3347514	-1.9704077	4.6071682	29
1979	1.196	28.7446	.1649	102.4	.17898265	3.3584499	-1.802416	4.6288867	29
1980	1.2359999	29.131701	.1593	101.1	.21188031	3.3718269	-1.836966	4.6161103	29
1981	1.054	29.630699	.1407	96.949997	.052592468	3.3888109	-1.9611254	4.5741954	29
1982	.93900001	30.7194	.1376	96.050003	-.062939785	3.4248943	-1.9834043	4.5648689	29
1983	.91100001	33.2514	.1401	103.35	-.093212366	3.504097	-1.9653988	4.6381211	29
1976	1.1289999	31.772301	.1638	116.4	.12133224	3.4585948	-1.8091091	4.7570324	30
1977	1.181	26.8608	.17380001	115.7	.16636153	3.290668	-1.74985	4.7510004	30
1978	1.176	26.100901	.20730001	112.8	.16211885	3.2619698	-1.5735883	4.7256165	30
1979	1.189	27.5408	.2105	108.9	.17311263	3.3156686	-1.5582696	4.6904302	30
1980	1.149	27.2342	.2121	100	.13889204	3.3044734	-1.5506974	4.6051702	30
1981	.95700002	24.664301	.1859	89.199997	-.043951869	3.2053568	-1.6825464	4.490881	30
1982	.89099997	24.8081	.1848	90.5	-.11541088	3.2111702	-1.6884811	4.5053496	30
1976	1.791	23.302401	.1785	104.7664	.5827741	3.1485565	-1.7231667	4.6517329	31
1977	1.8049999	20.9296	.24420001	107.4791	.59056056	3.0411644	-1.4097677	4.6772966	31
1978	2.063	21.855301	.3335	108.9188	.72416121	3.0844436	-1.0981125	4.6906028	31
1979	1.984	23.4757	.31810001	111.5591	.68511498	3.1559658	-1.1453894	4.7145543	31
1980	1.558	24.919901	.27450001	100	.44340292	3.2156668	-1.292804	4.6051702	31
1981	1.285	28.0984	.2482	99.3965	.25075868	3.3357127	-1.3935204	4.5991168	31
1982	1.1109999	27.698299	.1758	99.293098	.10526046	3.3213711	-1.7384083	4.5980759	31
1977	1.771	21.188101	.1732	96.050003	.57154435	3.0534399	-1.7533083	4.5648689	32
1978	1.788	21.0368	.17290001	100.6	.58109766	3.0462732	-1.7550418	4.6111522	32
1979	1.8609999	21.011101	.1613	102.3667	.62111396	3.0450509	-1.8244892	4.6285615	32
1980	1.864	21.079399	.14579999	100.9167	.62272471	3.0482962	-1.9255195	4.6142955	32
1981	1.664	18.894899	.1178	96.441704	.50922436	2.9388921	-2.138767	4.5689387	32
1982	1.511	20.6339	.1035	96.408302	.4127717	3.0269353	-2.2681837	4.5685925	32
1983	1.4960001	23.106501	.097999997	104.2083	.40279493	3.1401141	-2.3227878	4.6463919	32
1976	13.329	24.375299	1.887	93.599998	2.5899422	3.1935704	.63498825	4.5390306	33
1977	13.509	23.4904	1.8247	97.800003	2.6033561	3.1565919	.60141557	4.5829248	33
1978	13.452	23.415501	1.9656	102.6	2.5991278	3.1533983	.67579752	4.6308379	33
1979	11.751	22.737	1.8738	102.2	2.4639385	3.1239936	.62796849	4.6269317	33
1980	10.706	24.2665	1.6481	100	2.3708043	3.1890969	.49962312	4.6051702	33
1981	8.8210001	31.679001	1.342	93.900002	2.1771352	3.4556541	.29416105	4.5422306	33
1982	6.283	25.0406	1.0611	98.199997	1.8378476	3.2204986	.059306111	4.5870061	33
1977	1.215	15.1847	.1112	95.699997	.19474411	2.7202883	-2.196425	4.5612183	34
1978	1.306	15.1559	.1202	100.2	.26696903	2.71839	-2.1185982	4.6071682	34
1979	1.391	16.907	.1244	102.4	.33002293	2.8277278	-2.0842531	4.6288867	34
1980	1.4069999	16.7456	.1321	101.1	.34145975	2.8181355	-2.0241961	4.6161103	34
1981	1.156	16.7556	.111	96.949997	.14496578	2.8187325	-2.198225	4.5741954	34
1982	1.194	17.184999	.0977	96.050003	.17730902	2.8440368	-2.3258538	4.5648689	34
1983	1.351	17.8622	.095600002	103.35	.30084503	2.8826869	-2.3475823	4.6381211	34
1977	5.3730001	25.722799	1.8317	94.650002	1.6813865	3.2473776	.60524446	4.5501857	35
1978	5.8649998	24.8794	2.109	99	1.7690024	3.2140403	.74621391	4.59512	35
1979	6.066	28.149099	2.2151999	102.5	1.8026994	3.3375154	.79534268	4.6298628	35
1980	6.724	28.7078	2.2333	101.65	1.9056832	3.3571689	.80348033	4.6215358	35
1981	14.135	29.0655	4.3327999	98.474998	2.648654	3.3695519	1.4662139	4.5898027	35
1982	12.662	30.8473	4.4295001	94.974998	2.5386055	3.4290493	1.4882867	4.5536137	35
1983	12.201	32.295799	4.5581999	100.775	2.501518	3.4749372	1.5169278	4.6128902	35
1976	.47099999	24.003099	.1125	93.599998	-.7528972	3.1781831	-2.1848021	4.5390306	36
1977	.47799999	23.121599	.1313	97.800003	-.73814458	3.1407671	-2.0302706	4.5829248	36
1978	.442	23.696699	.14659999	102.6	-.81644541	3.1653357	-1.9200475	4.6308379	36
1979	.45100001	23.3783	.17399999	102.2	-.79628795	3.1518083	-1.7487	4.6269317	36
1980	.41100001	23.3951	.1927	100	-.889162	3.1525266	-1.6466208	4.6051702	36
1981	.38600001	23.880301	.17120001	93.900002	-.95191789	3.173054	-1.7649227	4.5422306	36
1982	.36000001	22.9678	.1538	98.199997	-1.0216511	3.1340933	-1.8721023	4.5870061	36
1977	14.4	32.2197	1.6371	116.225	2.6672282	3.472578	.49292636	4.755528	37
1978	14.719	31.0016	1.5893	114.975	2.6891391	3.4340389	.4632937	4.7447147	37
1979	14.437	32.014599	1.748	111.825	2.6697943	3.466192	.55847228	4.7169352	37
1980	13.436	29.891199	1.7775	106.675	2.5979376	3.3975642	.57520789	4.6697869	37
1981	11.697	30.1672	2.1308	97.300003	2.4593325	3.4067552	.7564975	4.5777988	37
1982	10.04	32.046398	2.2534001	89.525002	2.3065772	3.4671848	.81244022	4.4945178	37
1983	9.0869999	36.2481	2.1303999	89.599998	2.2068448	3.5903869	.75630975	4.4953551	37
1976	7.4580002	26.411501	2.0862	106.1747	2.0092874	3.2737997	.73534423	4.6650858	38
1977	7.8800001	22.8421	2.0624001	108.9675	2.064328	3.1286054	.7238704	4.6910496	38
1978	8.2550001	22.410601	2.2518001	107.8624	2.1108191	3.109534	.81172991	4.6808562	38
1979	8.1619997	25.463699	2.3903999	104.5668	2.0994892	3.2372539	.87146068	4.649826	38
1980	7.4520001	27.408899	2.0258999	100	2.0084825	3.3108678	.70601398	4.6051702	38
1981	5.9330001	27.7596	1.39	92.742996	1.78053	3.3235817	.32930374	4.5298324	38
1982	5.0380001	27.7857	1.3926001	90.038597	1.6170092	3.3245215	.33117256	4.5002384	38
1977	1.484	31.710199	.23370001	116.225	.39474112	3.4566383	-1.453717	4.755528	39
1978	1.551	26.575199	.29390001	114.975	.43889987	3.2799785	-1.2245157	4.7447147	39
1979	1.556	25.7082	.3448	111.825	.44211844	3.24681	-1.0647907	4.7169352	39
1980	1.625	27.4095	.3461	106.675	.48550782	3.3108897	-1.0610275	4.6697869	39
1981	1.4069999	27.805201	.29980001	97.300003	.34145975	3.325223	-1.2046397	4.5777988	39
1982	.81400001	27.4953	.2066	89.525002	-.2057949	3.3140152	-1.5769707	4.4945178	39
1983	.699	29.118299	.1742	89.599998	-.35810453	3.3713667	-1.7475512	4.4953551	39
1976	13.163	26.122801	1.6686	106.5556	2.57741	3.2628086	.51198494	4.6686668	40
1977	12.894	23.8501	1.6615	108.2693	2.556762	3.1717885	.50772077	4.6846218	40
1978	12.169	23.3762	1.6321	108.1387	2.4988916	3.1517184	.48986751	4.6834145	40
1979	12.38	24.396099	1.6012	105.3907	2.5160823	3.1944232	.47075334	4.6576743	40
1980	12.662	27.2358	1.9253	101.1417	2.5386055	3.3045323	.65508181	4.6165223	40
1981	12.736	28.7736	1.8217	94.557297	2.5444326	3.3594582	.59977013	4.5492058	40
1982	12.195	28.9251	1.6871001	90.714699	2.5010259	3.3647099	.52301109	4.5077195	40
1977	12.429	28.0721	1.39	116.225	2.5200324	3.3347762	.32930374	4.755528	41
1978	14.234	25.745701	1.5624	114.975	2.6556334	3.2482677	.44622308	4.7447147	41
1979	14.737	25.4566	1.9237	111.825	2.6903613	3.236975	.65425038	4.7169352	41
1980	14.829	26.225	2.2251	106.675	2.6965847	3.2667131	.79980189	4.6697869	41
1981	14.911	26.935499	2.2781999	97.300003	2.7020993	3.2934451	.8233856	4.5777988	41
1982	13.824	27.965599	2.2105999	89.525002	2.6264062	3.3309751	.79326391	4.4945178	41
1983	13.126	29.791401	2.1630001	89.599998	2.574595	3.3942199	.77149618	4.4953551	41
1976	1.228	24.006001	.2832	106.1747	.20538686	3.1783037	-1.2616019	4.6650858	42
1977	1.8049999	23.360201	.29260001	108.9675	.59056056	3.1510336	-1.2289487	4.6910496	42
1978	1.723	21.224199	.30019999	107.8624	.54406697	3.0551419	-1.2033064	4.6808562	42
1979	1.779	22.4842	.32690001	104.5668	.57605141	3.1128128	-1.118101	4.649826	42
1980	1.314	24.014999	.26980001	100	.27307594	3.1786785	-1.3100743	4.6051702	42
1981	.699	22.7356	.1839	92.742996	-.35810453	3.1239319	-1.6933632	4.5298324	42
1982	.60600001	24.7679	.1295	90.038597	-.50087529	3.2095485	-2.0440743	4.5002384	42
1977	12.072	18.726999	2.3629	127.164	2.4908886	2.9299662	.85988969	4.8454776	43
1978	17.858999	15.7567	2.4417	127.3866	2.8825076	2.7572656	.89269453	4.8472266	43
1979	17.698999	16.1252	2.3225	124.6424	2.8735082	2.7803833	.84264421	4.825449	43
1980	17.919001	16.6001	2.2544999	118.9132	2.8858616	2.8094087	.8129282	4.7783937	43
1981	10.983	24.500799	2.3283999	99.357597	2.3963487	3.1987057	.84518129	4.5987253	43
1982	9.882	28.218399	2.0258	97.242798	2.290715	3.3399742	.70596468	4.5772109	43
1983	8.941	29.1313	1.8637	97.194397	2.1906474	3.3718133	.62256378	4.5767131	43
1977	.78100002	23.728701	.24240001	116.225	-.2471801	3.1666853	-1.417166	4.755528	44
1978	.83999997	21.9247	.2341	114.975	-.17435342	3.0876138	-1.4520069	4.7447147	44
1979	.88099998	21.6863	.25799999	111.825	-.12669767	3.0766807	-1.3547957	4.7169352	44
1980	.86500001	20.9797	.2378	106.675	-.14502576	3.0435553	-1.4363253	4.6697869	44
1981	.71100003	20.5714	.2024	97.300003	-.34108281	3.0239017	-1.5975094	4.5777988	44
1982	.58899999	22.011	.1717	89.525002	-.52932912	3.0915422	-1.7620065	4.4945178	44
1983	.75599998	23.707899	.1697	89.599998	-.27971393	3.1658082	-1.7737231	4.4953551	44
1977	32.290001	24.8594	11.4903	127.164	3.4747577	3.2132359	2.4415033	4.8454776	45
1978	33.916	25.780399	11.571	127.3866	3.5238869	3.2496145	2.4485021	4.8472266	45
1979	34.389	26.4298	12.8854	124.6424	3.5377367	3.2744923	2.5560949	4.825449	45
1980	33.348	29.2707	13.173	118.9132	3.5069978	3.3765869	2.5781693	4.7783937	45
1981	31.034	28.0546	11.6649	99.357597	3.4350834	3.3341527	2.4565842	4.5987253	45
1982	26.226	32.165401	10.877	97.242798	3.2667513	3.4708915	2.3866506	4.5772109	45
1983	24.379	32.5037	10.1733	97.194397	3.193722	3.481354	2.3197665	4.5767131	45
1976	2.971	19.5527	1.0240999	126.7636	1.0888985	2.9731133	.023814125	4.8423238	46
1977	3.0650001	19.2621	.9267	128.3653	1.1200476	2.9581394	-.076125398	4.8548799	46
1978	3.03	18.7115	.90679997	124.4507	1.1085626	2.9291384	-.097833388	4.8239098	46
1979	2.96	21.902901	.9192	125.2176	1.0851892	3.0866191	-.084251545	4.8300529	46
1980	2.5569999	19.7124	.86320001	100	.93883467	2.9812479	-.14710885	4.6051702	46
1981	2.266	23.8853	.85049999	97.430496	.81801617	3.1732633	-.16193089	4.5791392	46
1982	2.168	26.339199	.79949999	96.679703	.77380508	3.2710583	-.22376876	4.5714035	46
1976	2.4260001	27.3671	.52590001	116.4	.88624388	3.3093417	-.64264417	4.7570324	47
1977	2.142	25.9189	.40549999	115.7	.76173997	3.2549725	-.90263444	4.7510004	47
1978	1.973	24.839199	.36050001	112.8	.67955524	3.2124231	-1.0202633	4.7256165	47
1979	1.794	24.450001	.33970001	108.9	.5844478	3.1966302	-1.0796924	4.6904302	47
1980	1.553	22.2279	.31479999	100	.44018853	3.1013482	-1.1558177	4.6051702	47
1981	1.225	22.238701	.25749999	89.199997	.20294087	3.1018341	-1.3567356	4.490881	47
1982	1.077	23.042101	.23109999	90.5	.074179418	3.1373229	-1.4649048	4.5053496	47
1976	1.647	25.613199	.3739	126.7636	.49895543	3.2431078	-.98376691	4.8423238	48
1977	2.3369999	23.1621	.5212	128.3653	.84886801	3.1425173	-.65162146	4.8548799	48
1978	2.3929999	23.7969	.56059998	124.4507	.87254775	3.1695554	-.57874769	4.8239098	48
1979	2.3540001	27.415199	.56669998	125.2176	.85611606	3.3110976	-.56792527	4.8300529	48
1980	2.2869999	22.884501	.61809999	100	.82724088	3.1304598	-.48110503	4.6051702	48
1981	2.0450001	26.3207	.52389997	97.430496	.71539783	3.2703557	-.64645451	4.5791392	48
1982	1.932	27.6618	.43689999	96.679703	.65855575	3.3200524	-.82805097	4.5714035	48
1976	3.7579999	27.266199	1.0149	117.6	1.3238869	3.3056479	.014790055	4.7672892	49
1977	3.6919999	24.301399	.95050001	115.875	1.3061683	3.1905339	-.050767105	4.752512	49
1978	3.721	22.9648	.90710002	113.525	1.3139924	3.1339626	-.097502559	4.7320232	49
1979	3.6989999	22.3913	.97060001	109.875	1.3080624	3.1086724	-.029840833	4.6993432	49
1980	3.447	22.239799	.88059998	102.225	1.2375042	3.1018834	-.12715182	4.6271763	49
1981	2.836	20.686899	.77649999	91.900002	1.0423946	3.0295007	-.25295866	4.5207009	49
1982	2.6129999	21.7929	.65079999	90.175003	.96049893	3.0815842	-.42955291	4.5017524	49
1976	72.862	25.4009	26.8554	106.1747	4.2885671	3.2347846	3.290467	4.6650858	50
1977	73.291	22.790501	25.636499	108.9675	4.2944379	3.1263437	3.2440171	4.6910496	50
1978	70.773003	22.2787	26.1747	107.8624	4.2594776	3.103631	3.2647934	4.6808562	50
1979	72.542	22.929501	25.7472	104.5668	4.2841659	3.1324244	3.2483258	4.649826	50
1980	64.803001	24.6947	22.4363	100	4.1713519	3.2065887	3.1106801	4.6051702	50
1981	48.312	24.763201	18.0145	92.742996	3.8776801	3.2093587	2.8911769	4.5298324	50
1982	40.609001	24.7381	15.8349	90.038597	3.7039897	3.2083445	2.7622163	4.5002384	50
1976	.76700002	23.3293	.25060001	125.8064	-.26526845	3.1497102	-1.3838972	4.834744	51
1977	.75599998	22.0299	.2244	127.9649	-.27971393	3.0924006	-1.4943252	4.8517561	51
1978	.72500002	21.699301	.2088	125.4294	-.3215836	3.07728	-1.5663784	4.8317432	51
1979	.67000002	23.4722	.1865	125.0259	-.40047753	3.1558168	-1.679324	4.8285208	51
1980	.64499998	22.8039	.1684	106.3044	-.43850499	3.1269317	-1.7814132	4.6663065	51
1981	.56	25.1938	.1384	98.072899	-.57981849	3.226598	-1.9776073	4.585711	51
1982	.55199999	27.728901	.131	96.867401	-.59420729	3.3224752	-2.032558	4.5733433	51
1976	14.179	28.0287	2.8489001	116.4	2.651762	3.3332291	1.0469329	4.7570324	52
1977	14.224	24.2376	2.6787	115.7	2.6549306	3.1879051	.98533159	4.7510004	52
1978	13.965	22.322599	2.5451	112.8	2.6365542	3.1055996	.93416995	4.7256165	52
1979	13.615	22.278999	2.5402	108.9	2.6111722	3.1036446	.93224281	4.6904302	52
1980	12.329	21.6679	2.2657001	100	2.5119543	3.0758319	.81788379	4.6051702	52
1981	10.505	22.2034	2.4591	89.199997	2.3518515	3.1002455	.89979541	4.490881	52
1982	10.973	21.640699	2.6401	90.5	2.3954377	3.0745757	.97081679	4.5053496	52
1977	6.8779998	26.023199	1.0358	116.225	1.9283279	3.2589884	.035174057	4.755528	53
1978	6.947	22.3729	1.0567	114.975	1.9383099	3.1078503	.055150837	4.7447147	53
1979	6.895	22.1866	1.0333	111.825	1.9307965	3.0994885	.032757606	4.7169352	53
1980	6.586	21.4468	1.0466	106.675	1.8849462	3.0655754	.0455468	4.6697869	53
1981	5.619	21.756001	.92460001	97.300003	1.7261537	3.0798895	-.078394063	4.5777988	53
1982	4.6849999	23.0119	.82910001	89.525002	1.5443659	3.1360114	-.18741448	4.4945178	53
1983	4.4920001	25.4869	.78390002	89.599998	1.5022981	3.2381647	-.24347378	4.4953551	53
1977	3.802	23.7966	.54189998	127.164	1.3355273	3.1695428	-.61267382	4.8454776	54
1978	4.1090002	22.6649	.58170003	127.3866	1.4131798	3.1208174	-.54180038	4.8472266	54
1979	4.211	23.049	.63069999	124.6424	1.4377002	3.1376224	-.46092498	4.825449	54
1980	4.1560001	24.870001	.64289999	118.9132	1.4245532	3.2136624	-.44176611	4.7783937	54
1981	3.7590001	22.7146	.58810002	99.357597	1.3241529	3.1230078	-.53085828	4.5987253	54
1982	3.053	26.2784	.48769999	97.242798	1.1161247	3.2687473	-.71805483	4.5772109	54
1983	2.6359999	27.3659	.41859999	97.194397	.9692626	3.3092978	-.87083948	4.5767131	54
1976	5.4819999	35.828899	.18520001	116.4	1.70147	3.5787549	-1.6863189	4.7570324	55
1977	6.5279999	33.745098	.2395	115.7	1.8761005	3.5188351	-1.4292018	4.7510004	55
1978	6.901	32.785301	.3247	112.8	1.9316664	3.4899802	-1.1248536	4.7256165	55
1979	7.2080002	32.328098	.36610001	108.9	1.9751916	3.4759367	-1.0048487	4.6904302	55
1980	6.5009999	35.4856	.3876	100	1.871956	3.5691271	-.94778138	4.6051702	55
1981	5.8000002	35.0923	.43990001	89.199997	1.7578579	3.5579817	-.82120782	4.490881	55
1982	5.6560001	37.237499	.50370002	90.5	1.7327169	3.6173162	-.68577439	4.5053496	55
1976	2.9059999	22.0219	.58819997	126.7636	1.0667776	3.0920374	-.53068829	4.8423238	56
1977	3.0280001	20.558001	.58410001	128.3653	1.1079024	3.0232501	-.53768307	4.8548799	56
1978	2.9849999	20.2542	.58859998	124.4507	1.0935997	3.0083623	-.53000849	4.8239098	56
1979	2.8770001	22.7008	.56629997	125.2176	1.0567482	3.1224	-.56863135	4.8300529	56
1980	2.612	20.494801	.4948	100	.96011621	3.0201712	-.70360166	4.6051702	56
1981	2.1400001	25.0394	.38839999	97.430496	.7608059	3.2204506	-.9457196	4.5791392	56
1982	1.5599999	25.997299	.33340001	96.679703	.44468579	3.2579927	-1.0984123	4.5714035	56
1977	2.0480001	14.6551	.14120001	117.9279	.71686375	2.6847885	-1.9575779	4.7700734	57
1978	2.158	14.5408	.1384	120.2607	.76918185	2.6769586	-1.9776073	4.7896619	57
1979	2.0109999	14.4554	.1432	118.9515	.69863206	2.6710682	-1.943513	4.7787156	57
1980	1.877	14.2665	.1195	113.406	.62967473	2.6579142	-2.124439	4.7309742	57
1981	.97799999	14.2563	.088200003	98.165497	-.022245623	2.6571989	-2.4281483	4.5866547	57
1982	.83700001	15.424	.068000004	92.314201	-.17793119	2.7359247	-2.6882474	4.525198	57
1983	.81999999	16.1724	.058899999	92.120697	-.19845095	2.7833061	-2.8319142	4.5230994	57
1976	20.84	29.9837	6.9187999	116.4	3.0368743	3.4006538	1.9342424	4.7570324	58
1977	22.705	26.077101	7.9398999	115.7	3.1225851	3.2610576	2.0719006	4.7510004	58
1978	23.844999	25.526501	8.6398001	112.8	3.1715746	3.2397172	2.1563795	4.7256165	58
1979	23.073	24.4342	8.2435999	108.9	3.1386631	3.1959839	2.1094372	4.6904302	58
1980	20.52	23.927799	8.6848001	100	3.0214	3.175041	2.1615744	4.6051702	58
1981	16.499001	25.0674	8.0987997	89.199997	2.8032999	3.2215681	2.0917158	4.490881	58
1982	13.949	25.539801	4.6929998	90.5	2.6354079	3.240238	1.546072	4.5053496	58
1977	9.849	18.2812	1.3387001	117.9279	2.28737	2.9058733	.29169902	4.7700734	59
1978	9.5979996	17.1099	1.1058	120.2607	2.2615547	2.8396573	.10056908	4.7896619	59
1979	8.9429998	16.3748	1.0513	118.9515	2.190871	2.7957435	.050027542	4.7787156	59
1980	7.5539999	16.273001	.89630002	113.406	2.0220773	2.7895074	-.10948008	4.7309742	59
1981	5.8340001	17.3946	.6688	98.165497	1.7637029	2.8561599	-.40227023	4.5866547	59
1982	4.743	19.509199	.53210002	92.314201	1.5566698	2.970886	-.63092381	4.525198	59
1983	3.9820001	20.3419	.4639	92.120697	1.3817842	3.0126827	-.76808625	4.5230994	59
1976	3.1099999	25.520599	.76359999	103.7669	1.1346227	3.239486	-.2697112	4.6421471	60
1977	1.147	24.587299	.39230001	106.9042	.1371498	3.20223	-.93572843	4.6719332	60
1978	.75800002	23.163	.1804	109.4623	-.27707186	3.1425562	-1.7125787	4.69558	60
1979	.76899999	21.9189	.1691	111.9345	-.26266432	3.0873492	-1.7772651	4.7179141	60
1980	.73100001	20.4489	.1463	100	-.3133418	3.0179291	-1.9220959	4.6051702	60
1981	.99800003	21.5611	.17209999	93.186203	-.0020019768	3.0708907	-1.7596797	4.5345998	60
1982	.88599998	21.102301	.1314	90.816399	-.12103835	3.049382	-2.0295091	4.5088401	60
1977	2.4790001	21.6332	.4948	104.5512	.90785527	3.0742292	-.70360166	4.6496768	61
1978	2.503	21.3619	.4307	107.5437	.91749001	3.061609	-.84234345	4.6778975	61
1979	2.586	21.6716	.4391	110.0804	.95011228	3.0760026	-.82302809	4.701211	61
1980	2.612	22.2521	.46329999	108.9509	.96011621	3.1024363	-.76938051	4.6908975	61
1981	2.2309999	22.268999	.44780001	98.2966	.80244988	3.1031954	-.80340856	4.5879893	61
1982	1.827	24.0683	.3849	92.593697	.60267532	3.1808956	-.9547717	4.5282211	61
1983	1.71	22.808201	.33860001	91.5326	.53649342	3.1271203	-1.0829358	4.516695	61
1977	2.763	16.0079	.14929999	117.9279	1.016317	2.7730823	-1.9017977	4.7700734	62
1978	2.6900001	15.7933	.14139999	120.2607	.98954123	2.7595859	-1.9561626	4.7896619	62
1979	2.651	15.7482	.1373	118.9515	.97493696	2.756726	-1.985587	4.7787156	62
1980	2.5320001	15.6637	.1278	113.406	.92900956	2.7513459	-2.0572886	4.7309742	62
1981	2.2479999	16.4161	.1088	98.165497	.81004089	2.7982626	-2.2182438	4.5866547	62
1982	1.761	17.693199	.0942	92.314201	.56588185	2.8731804	-2.3623352	4.525198	62
1983	1.85	18.9452	.1433	92.120697	.61518568	2.9415505	-1.9428149	4.5230994	62
1976	.81199998	39.104301	.58829999	110.1	-.20825496	3.6662326	-.53051829	4.7013888	63
1977	.829	34.5228	.54430002	109.2	-.18753512	3.54162	-.60825467	4.693181	63
1978	.861	33.496498	.5474	111.9	-.14966077	3.511441	-.60257548	4.7176056	63
1979	.85699999	32.6866	.56709999	111	-.15431736	3.4869652	-.56721961	4.7095304	63
1980	.86699998	30.738501	.53100002	100	-.14271632	3.4255159	-.63299322	4.6051702	63
1981	.84200001	31.9259	.44409999	89	-.17197526	3.4634175	-.81170553	4.4886365	63
1982	.81800002	33.823101	.40110001	90.900002	-.20089293	3.5211439	-.91354448	4.5097599	63
1976	9.0740004	33.706799	1.8112	110.1	2.2054131	3.5176995	.59398961	4.7013888	64
1977	9.5620003	29.4653	1.8613	109.2	2.257797	3.3832133	.62127519	4.693181	64
1978	9.4879999	29.7516	1.9375	111.9	2.2500279	3.3928828	.66139847	4.7176056	64
1979	9.5900002	27.6723	1.8433	111	2.260721	3.3204319	.61155742	4.7095304	64
1980	9.3800001	25.797501	1.7134	100	2.2385798	3.2502775	.53847969	4.6051702	64
1981	8.3579998	27.2806	1.4133	89	2.1232193	3.3061757	.34592742	4.4886365	64
1982	7.0359998	27.9863	1.2695	90.900002	1.9510398	3.3317151	.23862314	4.5097599	64
1976	25.106001	29.993299	7.0049	110.1	3.2231069	3.400974	1.9466099	4.7013888	65
1977	24.018999	31.1199	6.98	109.2	3.1788452	3.4378474	1.943049	4.693181	65
1978	24.080999	30.733999	6.4631	111.9	3.1814232	3.4253695	1.866109	4.7176056	65
1979	23.688	26.9734	6.0222998	111	3.1649685	3.2948513	1.7954692	4.7095304	65
1980	21.739	26.2379	5.7821999	100	3.079108	3.267205	1.7547842	4.6051702	65
1981	18.584999	28.428101	6.3329	89	2.9223547	3.347378	1.8457583	4.4886365	65
1982	19.566	26.800301	6.237	90.900002	2.9737933	3.288413	1.8304993	4.5097599	65
1977	8.5	32.8913	5.2909999	109.875	2.1400661	3.4932082	1.6660073	4.6993432	66
1978	8.5	30.0208	5.4821	109.875	2.1400661	3.4018905	1.7014883	4.6993432	66
1979	8.3000002	30.323799	5.7722001	111.675	2.1162555	3.4119329	1.7530533	4.7155929	66
1980	8.3000002	28.0602	5.8627	108.25	2.1162555	3.3343523	1.7686102	4.6844435	66
1981	7.6999998	28.345301	5.5780001	97.25	2.0412202	3.3444612	1.7188303	4.5772848	66
1982	7	35.3102	5.2565999	89.474998	1.9459101	3.5641718	1.6594844	4.4939594	66
1983	6.9000001	30.0644	5.1087999	91.650002	1.9315214	3.4033418	1.6309645	4.5179768	66
1976	11.658	16.9153	.63779998	117.0448	2.4559927	2.8282185	-.44973055	4.7625566	67
1977	12.271	18.364901	.64579999	120.5774	2.5072389	2.9104412	-.43726543	4.7922916	67
1978	12.251	18.662901	.71810001	119.3105	2.5056076	2.9265378	-.33114642	4.7817292	67
1979	11.82	20.322701	.7518	117.8746	2.4697931	3.0117385	-.28528494	4.7696214	67
1980	10.886	20.3881	.67830002	100	2.3874776	3.0149515	-.38816556	4.6051702	67
1981	9.6000004	20.462099	.5948	92.662102	2.2617631	3.0185742	-.51953006	4.5289598	67
1982	9.7659998	20.2388	.55699998	91.270401	2.2789071	3.0076015	-.58519006	4.5138264	67
1976	3.74	36.437901	4.1327	110.1	1.3190856	3.5956094	1.4189309	4.7013888	68
1977	3.7780001	33.8451	4.3586998	109.2	1.3291948	3.5217943	1.4721738	4.693181	68
1978	3.8110001	34.311401	4.4966002	111.9	1.3378917	3.5354776	1.5033216	4.7176056	68
1979	4.4400001	30.320101	5.9594002	111	1.4906543	3.4118109	1.7849698	4.7095304	68
1980	6.3080001	27.171	5.1318998	100	1.8418187	3.3021502	1.6354759	4.6051702	68
1981	5.8610001	28.2645	4.7757001	89	1.7683202	3.3416066	1.5635406	4.4886365	68
1982	5.4289999	27.904699	4.0679998	90.900002	1.6917549	3.3287952	1.4031514	4.5097599	68
1977	1.272	31.0518	.373	109.875	.24059042	3.4356568	-.98617685	4.6993432	69
1978	1.2920001	31.001499	.39520001	109.875	.25619146	3.4340355	-.92836326	4.6993432	69
1979	1.386	30.1143	.41780001	111.675	.32642192	3.4050002	-.87275243	4.7155929	69
1980	1.46	27.9505	.50529999	108.25	.37843648	3.330435	-.682603	4.6844435	69
1981	1.351	26.498199	.48199999	97.25	.30084503	3.2770767	-.72981119	4.5772848	69
1982	1.365	28.112101	.4646	89.474998	.31115443	3.3362	-.76657844	4.4939594	69
1983	1.4630001	27.971201	.43939999	91.650002	.38048917	3.3311753	-.82234514	4.5179768	69
1977	2.6489999	23.645399	.30739999	104.5512	.97418219	3.1631687	-1.1796055	4.6496768	70
1978	2.5050001	22.2871	.30219999	107.5437	.91828877	3.104008	-1.1966662	4.6778975	70
1979	2.4030001	22.3043	.30239999	110.0804	.87671798	3.1047795	-1.1960046	4.701211	70
1980	2.247	21.978901	.28569999	108.9509	.809596	3.0900829	-1.252813	4.6908975	70
1981	1.853	20.344801	.3301	98.2966	.61680597	3.0128255	-1.1083597	4.5879893	70
1982	1.322	23.1259	.24240001	92.593697	.27914575	3.1409533	-1.417166	4.5282211	70
1983	.81599998	25.159	.148	91.5326	-.20334095	3.2252157	-1.910543	4.516695	70
1976	1.6	27.6175	.3272	102.5303	.47000363	3.3184497	-1.1171837	4.6301584	71
1977	1.429	23.0534	.32440001	106.1199	.3569749	3.1378133	-1.125778	4.6645699	71
1978	1.605	23.2288	.433	108.8228	.47312376	3.1453929	-.83701754	4.6897206	71
1979	1.798	23.906601	.46270001	111.3165	.58667493	3.1741545	-.77067637	4.7123775	71
1980	1.586	22.5639	.2929	102.9836	.46121511	3.1163514	-1.227924	4.6345696	71
1981	1.011	23.937799	.2295	94.889603	.010939977	3.1754587	-1.4718523	4.5527143	71
1982	.91299999	23.933599	.2184	91.408798	-.091019414	3.1752832	-1.521427	4.5153418	71
1976	13.353	30.6087	2.3559	103.7669	2.5917411	3.4212842	.85692286	4.6421471	72
1977	12.255	29.0961	2.1592	106.9042	2.505934	3.370604	.76973778	4.6719332	72
1978	11.963	29.8629	2.0213001	109.4623	2.4818187	3.3966169	.70374089	4.69558	72
1979	11.776	32.937199	1.9421	111.9345	2.4660635	3.4946027	.6637699	4.7179141	72
1980	11.318	32.134899	1.9499	100	2.4263945	3.4699426	.66777813	4.6051702	72
1981	8.7810001	34.703899	1.728	93.186203	2.1725903	3.5468521	.5469647	4.5345998	72
1982	7.619	33.998699	1.904	90.816399	2.0306451	3.5263224	.64395696	4.5088401	72
1977	1.341	35.6866	.4501	104.5512	.29341558	3.5747752	-.79828548	4.6496768	73
1978	1.385	32.4538	.4686	107.5437	.32570013	3.4798176	-.75800574	4.6778975	73
1979	1.401	30.558599	.46790001	110.0804	.33718628	3.419646	-.75950068	4.701211	73
1980	1.401	33.242401	.43130001	108.9509	.33718628	3.5038261	-.84095132	4.6908975	73
1981	1.34	33.0928	.44909999	98.2966	.29266962	3.4993157	-.80050975	4.5879893	73
1982	1.232	34.538799	.2139	92.593697	.20863886	3.5420833	-1.5422467	4.5282211	73
1983	.66500002	34.942001	.1647	91.5326	-.40796819	3.5536895	-1.8036296	4.516695	73
1977	3.2379999	22.4104	.53210002	104.5512	1.1749558	3.1095252	-.63092381	4.6496768	74
1978	3.346	21.339899	.57459998	107.5437	1.2077656	3.0605786	-.55408114	4.6778975	74
1979	3.3069999	22.132401	.6099	110.0804	1.1960415	3.0970426	-.49446028	4.701211	74
1980	3.293	23.0215	.6056	108.9509	1.191799	3.1364286	-.50153559	4.6908975	74
1981	2.5450001	21.369801	.46610001	98.2966	.93413067	3.0619788	-.76335508	4.5879893	74
1982	2.339	22.9254	.4095	92.593697	.84972346	3.1322455	-.89281839	4.5282211	74
1983	2.062	23.856001	.35690001	91.5326	.72367638	3.1720357	-1.0302997	4.516695	74
1976	2.8629999	26.638599	.93610001	103.7669	1.05187	3.2823613	-.066032961	4.6421471	75
1977	2.9979999	24.866199	.91000003	106.9042	1.0979453	3.2135093	-.094310649	4.6719332	75
1978	2.9289999	24.623501	.88370001	109.4623	1.074661	3.2037013	-.12363762	4.69558	75
1979	2.842	25.566099	.75510001	111.9345	1.044508	3.2412672	-.28090507	4.7179141	75
1980	2.3050001	24.8379	.62550002	100	.83508068	3.2123706	-.46920392	4.6051702	75
1981	2.175	26.684799	.59649998	93.186203	.77702862	3.2840941	-.51667607	4.5345998	75
1982	2.049	26.8873	.50520003	90.816399	.71735185	3.2916541	-.68280083	4.5088401	75
1976	4.6700001	25.9291	.97119999	102.5303	1.541159	3.2553658	-.02922287	4.6301584	76
1977	4.618	24.060499	.92000002	106.1199	1.5299617	3.1805716	-.083381593	4.6645699	76
1978	4.6220002	24.1003	.89099997	108.8228	1.5308275	3.1822243	-.11541088	4.6897206	76
1979	5.0029998	25.428801	.96429998	111.3165	1.6100377	3.2358825	-.036352854	4.7123775	76
1980	4.9569998	26.630899	.93769997	102.9836	1.6008006	3.2820721	-.064325236	4.6345696	76
1981	4.4510002	28.103001	.86290002	94.889603	1.4931289	3.3358765	-.14745645	4.5527143	76
1982	3.8710001	30.0096	.76929998	91.408798	1.3535129	3.4015174	-.2622743	4.5153418	76
1977	6.73	18.5294	1.2649	104.5512	1.9065752	2.9193587	.23499304	4.6496768	77
1978	6.5409999	18.2251	1.2887	107.5437	1.87809	2.9027998	.25363395	4.6778975	77
1979	5.7719998	19.808001	1.4315	110.0804	1.7530186	2.9860859	.35872281	4.701211	77
1980	5.6240001	20.7628	1.2471	108.9509	1.7270432	3.0331628	.22082086	4.6908975	77
1981	4.3870001	20.941601	1.013	98.2966	1.4786457	3.0417376	.012916236	4.5879893	77
1982	4.461	20.117201	.90759999	92.593697	1.4953729	3.0015752	-.096951544	4.5282211	77
1983	4.9039998	19.8944	.92640001	91.5326	1.5900512	2.9904382	-.076449163	4.516695	77
1976	6.796	26.2715	1.2276	102.5303	1.9163342	3.2684846	.20506103	4.6301584	78
1977	7.1339998	25.423	1.1722	106.1199	1.9648721	3.2356544	.15888229	4.6645699	78
1978	7.5170002	25.424601	1.1783	108.8228	2.0171671	3.2357173	.16407274	4.6897206	78
1979	8.3830004	25.5772	1.1592	111.3165	2.1262059	3.2417014	.14773007	4.7123775	78
1980	7.658	24.439899	1.0476	102.9836	2.0357509	3.1962171	.046501864	4.6345696	78
1981	6.5890002	24.883301	.80369997	94.889603	1.8854016	3.2141969	-.21852925	4.5527143	78
1982	6.0770001	25.686399	.69370002	91.408798	1.8045112	3.2459617	-.36571565	4.5153418	78
1976	.456	20.5816	.1082	93.599998	-.78526247	3.0243974	-2.223774	4.5390306	79
1977	.54400003	22.628599	.1145	97.800003	-.60880595	3.1192145	-2.1671805	4.5829248	79
1978	.61799997	22.9645	.1565	102.6	-.48126686	3.1339495	-1.8546993	4.6308379	79
1979	.82800001	20.2749	.1935	102.2	-.18874212	3.0093837	-1.6424778	4.6269317	79
1980	.75	22.792	.15099999	100	-.28768209	3.1264095	-1.8904755	4.6051702	79
1981	.60399997	22.8452	.1301	93.900002	-.50418115	3.128741	-2.0394518	4.5422306	79
1982	.62099999	22.389999	.1194	98.199997	-.47642422	3.1086144	-2.1252761	4.5870061	79
1976	2.9849999	23.1108	.54720002	103.7669	1.0935997	3.1403	-.60294086	4.6421471	80
1977	2.635	22.0767	.53109998	106.9042	.96888316	3.0945227	-.63280499	4.6719332	80
1978	2.5610001	22.440901	.63249999	109.4623	.94039786	3.1108851	-.45807508	4.69558	80
1979	2.842	23.5774	.8348	111.9345	1.044508	3.1602886	-.18056309	4.7179141	80
1980	2.9909999	22.550501	.81779999	100	1.0956078	3.1157572	-.20113748	4.6051702	80
1981	2.7820001	22.987801	.7489	93.186203	1.0231701	3.1349638	-.28914982	4.5345998	80
1982	2.5	23.372299	.65270001	90.816399	.91629076	3.1515515	-.42663765	4.5088401	80
1976	.85699999	28.028099	.1319	116.4	-.15431736	3.3332076	-2.0257113	4.7570324	81
1977	.86500001	24.6311	.12989999	115.7	-.14502576	3.2040098	-2.0409904	4.7510004	81
1978	.85699999	23.2267	.1811	112.8	-.15431736	3.1453025	-1.7087059	4.7256165	81
1979	.78899997	22.7316	.16760001	108.9	-.23698899	3.1237559	-1.786175	4.6904302	81
1980	.79000002	21.758801	.1477	100	-.2357223	3.0800183	-1.9125721	4.6051702	81
1981	.704	23.7841	.1241	89.199997	-.35097691	3.1690173	-2.0866675	4.490881	81
1982	.67299998	25.703699	.1153	90.5	-.39600998	3.246635	-2.1602178	4.5053496	81
1976	5.842	38.300301	.51450002	116.4	1.7650732	3.6454577	-.66455966	4.7570324	82
1977	5.033	33.3325	.48140001	115.7	1.6160163	3.5065329	-.73105675	4.7510004	82
1978	4.961	34.5783	.54689997	112.8	1.6016073	3.5432262	-.60348934	4.7256165	82
1979	5.059	34.411701	.53600001	108.9	1.6211689	3.5383966	-.62362111	4.6904302	82
1980	4.8860002	35.873402	.5535	100	1.586374	3.5799961	-.59149355	4.6051702	82
1981	4.868	36.060101	.493	89.199997	1.5826832	3.585187	-.70724612	4.490881	82
1982	4.7350001	39.867001	.47830001	90.5	1.5549817	3.685549	-.73751712	4.5053496	82
1977	7.0450001	24.070601	1.5167	127.164	1.9523182	3.1809912	.41653693	4.8454776	83
1978	7.0040002	22.738701	1.4989001	127.3866	1.9464815	3.1240683	.40473154	4.8472266	83
1979	6.7740002	24.3349	1.3676	124.6424	1.9130918	3.1919115	.31305736	4.825449	83
1980	5.9590001	26.8568	1.3882999	118.9132	1.7849027	3.290519	.32807994	4.7783937	83
1981	4.7410002	25.9133	1.2460001	99.357597	1.5562481	3.2547565	.21993846	4.5987253	83
1982	3.78	26.9505	1.0578001	97.242798	1.329724	3.2940018	.056191333	4.5772109	83
1983	3.296	29.193399	.86870003	97.194397	1.1927096	3.3739426	-.14075741	4.5767131	83
1976	11.004	20.639	1.9605	94.665703	2.3982589	3.0271826	.67319953	4.5503516	84
1977	12.816	17.010799	2.2200999	96.389999	2.5506945	2.8338485	.79755223	4.5684023	84
1978	15.377	16.4804	2.681	98.607803	2.732873	2.8021717	.98618984	4.5911503	84
1979	16.205999	17.922199	4.4601998	100.3584	2.7853816	2.8860402	1.4951936	4.608748	84
1980	16.402	19.347401	4.9271998	100.1834	2.7974033	2.962558	1.5947708	4.6070027	84
1981	16.086	20.607401	4.6954999	98.674301	2.7779493	3.0256503	1.5466046	4.5918245	84
1982	16.83	20.706301	5.0098	99.380699	2.823163	3.0304379	1.611396	4.598958	84
1976	32.547001	16.868999	10.356	93.833298	3.4826853	2.8254776	2.3375661	4.5415196	85
1977	30.806	17.441601	9.3943005	97.099998	3.4277096	2.8588581	2.2401032	4.5757413	85
1978	30.379	17.785601	8.6499004	101.8	3.4137516	2.8783891	2.1575477	4.6230102	85
1979	30.533001	18.0352	9.3559999	102.2667	3.418808	2.8923254	2.2360179	4.627584	85
1980	29.882999	17.8783	8.5179996	100.3667	3.3972898	2.8835876	2.1421816	4.6088305	85
1981	25.172001	17.9781	6.6585999	94.916702	3.2257323	2.8891544	1.8959092	4.5529995	85
1982	22.833	18.004	5.7508998	97.483299	3.128207	2.890594	1.7493563	4.5796809	85
1976	98.259003	16.783501	34.172501	94.665703	4.5876069	2.8203962	3.5314212	4.5503516	86
1977	99.198997	15.3535	32.365398	96.389999	4.5971279	2.7313435	3.4770899	4.5684023	86
1978	100.415	18.8764	31.8627	98.607803	4.6093116	2.9379125	3.461436	4.5911503	86
1979	108.562	15.37	31.789801	100.3584	4.6873212	2.7324176	3.4591455	4.608748	86
1980	106.565	15.9282	47.107899	100.1834	4.6687551	2.7680912	3.8524406	4.6070027	86
1981	103.129	17.128599	44.352699	98.674301	4.6359806	2.8407495	3.7921736	4.5918245	86
1982	99.202003	17.187799	38.2799	99.380699	4.5971584	2.8441999	3.6449249	4.598958	86
1976	69.900002	29.4851	10.2804	116.4	4.2470655	3.3838851	2.3302393	4.7570324	87
1977	39.200001	24.5453	9.3889999	115.7	3.6686769	3.2005203	2.2395387	4.7510004	87
1978	41.400002	24.040199	10.1128	112.8	3.7232809	3.1797273	2.313802	4.7256165	87
1979	43	23.2321	10.8523	108.9	3.7612002	3.145535	2.384377	4.6904302	87
1980	39.5	24.538401	10.4247	100	3.6763008	3.2002392	2.344178	4.6051702	87
1981	35.799999	24.5758	10.1215	89.199997	3.5779479	3.2017622	2.314662	4.490881	87
1982	32.400002	26.1768	9.5382996	90.5	3.4781585	3.2648735	2.2553153	4.5053496	87
1976	7.4770002	33.563599	2.7620001	110.1	2.0118318	3.513442	1.0159551	4.7013888	88
1977	8.323	33.152901	2.8885	109.2	2.1190228	3.5011301	1.0607374	4.693181	88
1978	8.6219997	33.566799	2.8583	111.9	2.1543171	3.5135374	1.050227	4.7176056	88
1979	9.1350002	30.553801	2.0606999	111	2.2121131	3.4194891	.72304571	4.7095304	88
1980	8.6730003	29.007	2.1535001	100	2.1602149	3.3675373	.76709443	4.6051702	88
1981	7.244	31.325399	1.8362	89	1.9801736	3.4444292	.6076982	4.4886365	88
1982	7.3299999	31.6392	1.7845	90.900002	1.9919755	3.454397	.57913828	4.5097599	88
1976	1.11	32.797901	.77920002	110.1	.10436003	3.4903646	-.2494875	4.7013888	89
1977	1.3380001	30.4289	.89700001	109.2	.29117599	3.4153929	-.1086994	4.693181	89
1978	1.33	31.576599	1.2879	111.9	.28517899	3.4524164	.25301296	4.7176056	89
1979	1.317	28.063101	1.6173	111	.27535644	3.3344555	.4807581	4.7095304	89
1980	1.341	27.281099	1.4548	100	.29341558	3.3061941	.37486845	4.6051702	89
1981	1.357	28.4697	1.3437001	89	.30527636	3.3488405	.29542705	4.4886365	89
1982	1.3	27.8811	1.0519	90.900002	.26236424	3.327949	.050598081	4.5097599	89
1976	11.94	45.2318	6.3813	110.05	2.4798942	3.8118005	1.8533719	4.7009349	90
1977	11.703	33.733398	6.5955	109.425	2.4598453	3.5184884	1.8863876	4.6952395	90
1978	10.977	24.428301	7.6652002	111.225	2.3958023	3.1957424	2.0366907	4.711555	90
1979	10.304	17.6434	7.6837001	111.225	2.3325322	2.8703618	2.0391011	4.711555	90
1980	11.795	24.7502	7.3811998	102.75	2.4676757	3.2088337	1.9989362	4.6322989	90
1981	10.806	25.315001	6.7985001	91.75	2.3801014	3.2313972	1.916702	4.5190673	90
1982	10.467	26.4062	6.4828	90.425003	2.3482275	3.2735989	1.8691525	4.5045209	90
1976	.236	31.7209	.070500001	104.7664	-1.4439235	3.4569757	-2.6521425	4.6517329	91
1977	.248	29.5571	.0748	107.4791	-1.3943266	3.3863239	-2.5929375	4.6772966	91
1978	.244	30.2876	.070500001	108.9188	-1.4105871	3.4107385	-2.6521425	4.6906028	91
1979	.23800001	31.3887	.066399999	111.5591	-1.4354845	3.4464481	-2.7120583	4.7145543	91
1980	.227	28.158899	.069899999	100	-1.4828053	3.3378634	-2.6606896	4.6051702	91
1981	.18700001	29.461599	.055199999	99.3965	-1.6766466	3.3830876	-2.8967924	4.5991168	91
1982	.178	31.5145	.0603	99.293098	-1.7259717	3.4504478	-2.8084233	4.5980759	91
1976	.287	21.2411	.0515	94.533302	-1.248273	3.055938	-2.9661734	4.5489521	92
1977	.33700001	20.240801	.055199999	95	-1.0876724	3.0077004	-2.8967924	4.5538769	92
1978	.28799999	22.959101	.035100002	99.400002	-1.2447948	3.1337144	-3.3495541	4.5991521	92
1979	.154	23.6096	.0119	102.4667	-1.8708026	3.1616535	-4.4312167	4.6295381	92
1980	.162	23.339701	.017100001	101.4667	-1.820159	3.1501558	-4.0686769	4.6197305	92
1981	.152	24.7467	.0176	97.966698	-1.8838748	3.2086921	-4.0398564	4.5846276	92
1982	.131	25.7297	.015	95.333298	-2.032558	3.2476459	-4.1997051	4.5573792	92
1977	74.661003	20.6721	27.0242	94.650002	4.3129578	3.028785	3.2967327	4.5501857	93
1978	75.087997	20.9398	27.5732	99	4.3186607	3.0416517	3.3168442	4.59512	93
1979	73.137001	21.4613	27.826599	102.5	4.2923346	3.0662513	3.3259923	4.6298628	93
1980	101.04	21.5776	36.750999	101.65	4.6155167	3.0716558	3.6041653	4.6215358	93
1981	90.893997	21.219601	31.716	98.474998	4.5096941	3.0549252	3.4568212	4.5898027	93
1982	78.083	22.6926	30.0867	94.974998	4.3577724	3.1220388	3.4040833	4.5536137	93
1983	73.558998	23.534401	28.705	100.775	4.2980876	3.1584632	3.3570714	4.6128902	93
1976	2.517	31.4967	.32749999	117.6	.92306769	3.4498827	-1.1162673	4.7672892	94
1977	2.517	28.2251	.34779999	115.875	.92306769	3.3402116	-1.0561277	4.752512	94
1978	2.5009999	27.801201	.3511	113.525	.91669065	3.3250792	-1.0466841	4.7320232	94
1979	2.398	26.7117	.38389999	109.875	.87463504	3.2851017	-.9573732	4.6993432	94
1980	2.312	26.123899	.39050001	102.225	.83811295	3.2628505	-.94032729	4.6271763	94
1981	1.928	25.926701	.35780001	91.900002	.65648317	3.2552733	-1.0277811	4.5207009	94
1982	1.6569999	28.877701	.2766	90.175003	.5050087	3.3630698	-1.2851828	4.5017524	94
1976	.95300001	26.133499	.32139999	126.7636	-.048140366	3.2632179	-1.1350689	4.8423238	95
1977	.94700003	24.080999	.32910001	128.3653	-.054456156	3.1814232	-1.1113936	4.8548799	95
1978	.92500001	23.9431	.37670001	124.4507	-.077961527	3.1756802	-.97630614	4.8239098	95
1979	1.074	26.5404	.44220001	125.2176	.071389996	3.2786682	-.81599301	4.8300529	95
1980	1.051	23.332701	.38510001	100	.049742091	3.1498559	-.95425224	4.6051702	95
1981	.93400002	28.928699	.278	97.430496	-.068278827	3.3648341	-1.2801342	4.5791392	95
1982	.87599999	28.888599	.25240001	96.679703	-.1323892	3.363447	-1.3767401	4.5714035	95
1976	51.395	22.839199	9.2438002	126.7636	3.9395409	3.1284783	2.223953	4.8423238	96
1977	51.490002	21.413	8.7651997	128.3653	3.9413877	3.0639982	2.1707892	4.8548799	96
1978	60.299999	23.093599	12.8005	124.4507	4.0993319	3.1395555	2.5494843	4.8239098	96
1979	59.5	25.8283	12.1624	125.2176	4.0859761	3.2514708	2.4983492	4.8300529	96
1980	50.299999	23.752701	11.0556	100	3.918005	3.1676962	2.4029372	4.6051702	96
1981	42.599998	25.834801	9.7608995	97.430496	3.7518542	3.2517223	2.2783844	4.5791392	96
1982	27.700001	27.842199	5.1662998	96.679703	3.3214324	3.3265529	1.6421567	4.5714035	96
1976	23.423	30.9571	3.6468	117.6	3.1537185	3.4326024	1.2938501	4.7672892	97
1977	23.566999	26.5777	3.8748	115.875	3.1598475	3.2800725	1.3544941	4.752512	97
1978	23.989	24.1514	4.3406	113.525	3.1775954	3.1843424	1.4680126	4.7320232	97
1979	23.347	23.2528	4.4106002	109.875	3.1504686	3.1464255	1.4840108	4.6993432	97
1980	22.597	24.5296	4.3723001	102.225	3.1178172	3.1998806	1.4752892	4.6271763	97
1981	17.405001	24.167801	3.6176	91.900002	2.8567576	3.1850212	1.2858108	4.5207009	97
1982	14.94	25.943899	2.8927	90.175003	2.7040422	3.2559364	1.0621903	4.5017524	97
1977	3.625	30.747101	3.066	127.164	1.2878543	3.4257958	1.1203737	4.8454776	98
1978	4.23	27.507601	3.5439	127.3866	1.442202	3.3144624	1.2652278	4.8472266	98
1979	4.1919999	28.126801	4.6374998	124.6424	1.4331779	3.3367229	1.5341754	4.825449	98
1980	4.165	34.055	4.9047999	118.9132	1.4267162	3.527977	1.5902143	4.7783937	98
1981	8.507	28.423401	6.2087002	99.357597	2.1408894	3.3472128	1.8259516	4.5987253	98
1982	7.7199998	33.678501	6.2589002	97.242798	2.0438144	3.5168598	1.8340045	4.5772109	98
1983	7.2210002	35.917	6.3804002	97.194397	1.9769934	3.5812106	1.8532308	4.5767131	98
1977	1.082	26.280899	.2225	104.5512	.078811198	3.2688425	-1.5028282	4.6496768	99
1978	1.085	24.9293	.2375	107.5437	.08158002	3.2160439	-1.4375876	4.6778975	99
1979	1.112	26.2064	.2669	110.0804	.10616019	3.2660036	-1.3208812	4.701211	99
1980	1.082	25.9102	.24879999	108.9509	.078811198	3.2546368	-1.3911059	4.6908975	99
1981	.91100001	25.9697	.1521	98.2966	-.093212366	3.2569304	-1.8832171	4.5879893	99
1982	.57200003	27.189899	.1287	92.593697	-.55861622	3.3028455	-2.050271	4.5282211	99
1983	.51999998	26.4638	.1103	91.5326	-.65392649	3.2757778	-2.2045515	4.516695	99
1977	4.5450001	19.990101	1.9634	127.6979	1.5140277	2.9952371	.67467767	4.8496671	100
1978	4.9169998	22.208599	2.0044999	126.0818	1.5926986	3.1004796	.69539464	4.8369308	100
1979	5.0679998	24.4737	1.5128	124.8981	1.6229463	3.1975992	.41396222	4.8274984	100
1980	5.717	21.7729	1.5108	110.5073	1.7434442	3.0806661	.41263932	4.7050815	100
1981	5.3330002	22.777599	1.4888	98.501099	1.673914	3.1257775	.39797047	4.5900679	100
1982	5.053	26.613501	1.3406	96.9925	1.6199821	3.2814186	.29311728	4.5746336	100
1983	5.7389998	28.148399	1.2453001	97.880699	1.747285	3.3374906	.2193765	4.5837493	100
1977	4.9759998	20.829399	.86089998	117.9279	1.6046263	3.0363655	-.14977694	4.7700734	101
1978	4.9970002	19.585699	.84009999	120.2607	1.6088377	2.9747996	-.17423436	4.7896619	101
1979	5.0619998	19.4888	.94370002	118.9515	1.6217617	2.96984	-.057946943	4.7787156	101
1980	5.0700002	19.6896	.99330002	113.406	1.6233408	2.9800906	-.0067225248	4.7309742	101
1981	4.4349999	18.663	.87830001	98.165497	1.4895276	2.926543	-.12976705	4.5866547	101
1982	3.4460001	22.705099	.78250003	92.314201	1.2372142	3.1225896	-.24526133	4.525198	101
1983	2.9649999	23.854601	.59469998	92.120697	1.086877	3.171977	-.51969826	4.5230994	101
1977	.60699999	27.964001	.26179999	105.4446	-.49922651	3.3309181	-1.3401744	4.658186	102
1978	.72299999	25.9473	.3328	107.839	-.32434607	3.2560675	-1.1002135	4.6806393	102
1979	.78299999	27.125401	.3829	109.5789	-.24462259	3.3004706	-.95998144	4.6966448	102
1980	.884	26.2789	.45989999	108.6693	-.12329821	3.2687664	-.77674621	4.6883092	102
1981	.88599998	26.058001	.43740001	99.849098	-.12103835	3.260325	-.82690716	4.6036601	102
1982	.91500002	29.4055	.41639999	99.370598	-.088831194	3.3811817	-.876109	4.5988564	102
1983	.98799998	29.6766	.51569998	101.243	-.012072606	3.3903589	-.66223013	4.6175237	102
1976	.465	21.559799	.0625	93.599998	-.76571786	3.0708303	-2.7725887	4.5390306	103
1977	.43099999	20.1996	.0748	97.800003	-.84164721	3.0056629	-2.5929375	4.5829248	103
1978	.463	18.800301	.082800001	102.6	-.77002823	2.9338729	-2.4913273	4.6308379	103
1979	.472	19.471901	.098399997	102.2	-.75077629	2.9689724	-2.3187146	4.6269317	103
1980	.45699999	19.6674	.1006	100	-.78307194	2.9789624	-2.296603	4.6051702	103
1981	.329	24.325899	.081699997	93.900002	-1.1116976	3.1915417	-2.5047014	4.5422306	103
1982	.296	19.645901	.071699999	98.199997	-1.2173958	2.9778688	-2.6352646	4.5870061	103
1977	1.388	17.587999	.5916	95.820999	.32786387	2.8672168	-.52492458	4.5624819	104
1978	1.457	17.589701	.60710001	97.565399	.37637955	2.8673136	-.49906173	4.580523	104
1979	1.607	17.7528	.66850001	99.733299	.47436908	2.8765433	-.40271887	4.6024995	104
1980	1.702	18.525101	.70779997	100.489	.53180403	2.9191265	-.34559375	4.6100483	104
1981	1.689	20.050301	.64990002	99.410797	.52413666	2.998244	-.43093675	4.5992608	104
1982	1.546	21.7813	1.5735	98.742699	.43567094	3.0810518	.45330247	4.5925174	104
1983	1.563	21.272699	1.3786	100.1189	.44660702	3.0574245	.3210685	4.6063585	104
1984	1.564	22.1724	1.2611001	101.2078	.44724664	3.0988483	.23198439	4.6171761	104
1977	.29100001	24.218201	.28799999	96.276199	-1.234432	3.1871045	-1.2447948	4.5672212	105
1978	.292	25.390699	.2721	98.3993	-1.2310015	3.2343829	-1.3015857	4.5890336	105
1979	.30500001	24.8706	.2701	100.2334	-1.1874435	3.2136865	-1.3089631	4.6075015	105
1980	.32300001	28.421301	.27079999	100.2445	-1.1301029	3.3471389	-1.3063748	4.6076121	105
1981	.30899999	28.6987	.2362	98.821602	-1.174414	3.3568518	-1.4430764	4.5933161	105
1982	.28799999	28.369101	.2045	99.253098	-1.2447948	3.3453004	-1.5871873	4.5976729	105
1983	.26199999	30.340799	.2762	100.4744	-1.3394108	3.4124932	-1.28663	4.6099029	105
1984	.24699999	28.1751	.2529	101.5857	-1.3983669	3.3384385	-1.3747611	4.620903	105
1977	1.919	10.3138	.4603	96.389999	.65180421	2.3334827	-.77587682	4.5684023	106
1978	2.0050001	10.0798	.76120001	98.607803	.69564414	2.3105333	-.27285913	4.5911503	106
1979	2.0510001	10.0004	.79089999	100.3584	.71832752	2.3026249	-.23458375	4.608748	106
1980	2.092	10.8353	.73619998	100.1834	.73812056	2.3828094	-.30625349	4.6070027	106
1981	2.109	11.1389	.63730001	98.674301	.74621391	2.4104435	-.45051476	4.5918245	106
1982	2.0369999	10.6458	.54299998	99.380699	.71147811	2.3651655	-.61064601	4.598958	106
1983	2.0280001	10.6346	.49590001	100.5633	.70705014	2.3641129	-.70138097	4.6107874	106
1984	1.969	10.7869	.44490001	101.6802	.67752582	2.3783324	-.80990571	4.6218324	106
1977	.98500001	10.4995	.40689999	95.707199	-.015113623	2.3513277	-.89918786	4.5612936	107
1978	1.075	11.1334	.4531	97.356903	.072320707	2.4099495	-.79164243	4.5783834	107
1979	1.149	10.7004	.77160001	99.608299	.13889204	2.3702812	-.259289	4.6012454	107
1980	1.395	10.1563	.75400001	100.5501	.33289441	2.3180943	-.28236291	4.6106563	107
1981	1.712	11.4474	.75529999	99.558098	.53766227	2.4377627	-.28064027	4.6007414	107
1982	1.607	13.8097	.6803	98.615097	.47436908	2.6253712	-.38522139	4.5912242	107
1983	1.655	13.1138	.67799997	100.0301	.50380099	2.5736651	-.38860804	4.6054711	107
1984	1.6390001	13.5973	.70929998	101.1133	.49408633	2.6098711	-.34347674	4.6162415	107
1977	.648	23.7486	.58579999	95.707199	-.43386459	3.1675236	-.53477687	4.5612936	108
1978	.59500003	24.811899	.58359998	97.356903	-.51919383	3.2113233	-.53853947	4.5783834	108
1979	.648	23.5334	1.1327	99.608299	-.43386459	3.1584206	.12460414	4.6012454	108
1980	.66900003	25.3039	1.0775	100.5501	-.40197116	3.2309585	.07464353	4.6106563	108
1981	.74800003	24.0532	.98869997	99.558098	-.29035226	3.180268	-.011364358	4.6007414	108
1982	.74400002	24.7047	.86119998	98.615097	-.29571423	3.2069936	-.14942855	4.5912242	108
1983	.76700002	24.0431	.7773	100.0301	-.26526845	3.179848	-.2519289	4.6054711	108
1984	.824	23.9268	.93889999	101.1133	-.19358476	3.1749992	-.063046306	4.6162415	108
1977	4.7420001	10.2997	1.2939	96.389999	1.556459	2.3321147	.25766093	4.5684023	109
1978	4.96	10.3787	1.3694	98.607803	1.6014057	2.3397555	.31437272	4.5911503	109
1979	5.1459999	10.5851	1.4332	100.3584	1.6382197	2.3594475	.35990971	4.608748	109
1980	5.4289999	10.7233	1.4141001	100.1834	1.6917549	2.3724189	.34649333	4.6070027	109
1981	5.4429998	11.2023	1.3161	98.674301	1.6943303	2.4161191	.27467281	4.5918245	109
1982	5.6199999	10.6793	1.223	99.380699	1.7263316	2.3683074	.20130689	4.598958	109
1983	5.6630001	10.775	1.1919	100.5633	1.7339538	2.3772285	.17554869	4.6107874	109
1984	5.697	10.6654	1.2924	101.6802	1.7399397	2.3670049	.25650096	4.6218324	109
1977	5.6929998	25.739901	.96810001	127.164	1.7392373	3.2480423	-.032419879	4.8454776	110
1978	5.5929999	23.7876	.9648	127.3866	1.7215158	3.1691644	-.035834454	4.8472266	110
1979	5.2610002	22.7549	.8962	124.6424	1.6603211	3.1247804	-.10959168	4.825449	110
1980	4.579	23.2911	.88249999	118.9132	1.5214807	3.1480713	-.1249965	4.7783937	110
1981	4.2189999	22.259199	.96579999	99.357597	1.4395981	3.1027553	-.034798518	4.5987253	110
1982	3.6459999	25.168699	.8046	97.242798	1.2936306	3.2256012	-.21741001	4.5772109	110
1983	3.25	26.6654	.67799997	97.194397	1.178655	3.2833669	-.38860804	4.5767131	110
1984	2.6370001	28.367001	.498	99.986198	.96964192	3.3452265	-.69715524	4.605032	110
1977	2.0280001	27.252899	.21080001	116.05	.70705014	3.3051598	-1.5568454	4.7540212	111
1978	2.013	24.592199	.32659999	114.25	.69962615	3.2024293	-1.1190192	4.738389	111
1979	1.989	23.382	.32170001	110.85	.68763196	3.1519666	-1.1341358	4.708178	111
1980	1.773	22.0418	.2854	104.45	.57267302	3.0929406	-1.2538636	4.6487083	111
1981	1.6619999	22.961901	.2386	94.599998	.50802165	3.1338363	-1.4329667	4.5496573	111
1982	1.385	23.8057	.2	89.849998	.32570013	3.169925	-1.6094379	4.4981418	111
1983	1.1720001	25.682199	.171	88.699997	.15871173	3.2457981	-1.7660917	4.48526	111
1984	1.097	26.0709	.1301	87.150002	.092579186	3.2608197	-2.0394518	4.4676309	111
1977	3.4289999	21.937901	.4373	106.8729	1.2322687	3.0882158	-.8271358	4.6716404	112
1978	3.085	21.179701	.41760001	108.6912	1.1265516	3.0530431	-.87323123	4.6885109	112
1979	3.0829999	21.625799	.38659999	107.0385	1.1259031	3.0738871	-.95036477	4.6731887	112
1980	3.0710001	21.341299	.3732	103.4251	1.1220033	3.0606441	-.98564082	4.6388478	112
1981	2.4760001	23.562901	.33090001	98.185799	.9066444	3.1596735	-1.105939	4.5868616	112
1982	1.723	23.6346	.26800001	92.066902	.54406697	3.1627116	-1.3167683	4.5225153	112
1983	1.487	24.464899	.19939999	89.842903	.39676067	3.1972394	-1.6124425	4.4980626	112
1984	1.291	24.1618	.1513	88.459297	.25541711	3.184773	-1.8884907	4.4825425	112
1976	1.824	23.2962	.22040001	93.949997	.6010319	3.1482902	-1.5123112	4.5427628	113
1977	1.919	22.200001	.2093	96.75	.65180421	3.1000924	-1.5639867	4.5721302	113
1978	1.933	22.5797	.2094	101.4	.65907317	3.1170514	-1.563509	4.6190729	113
1979	1.816	23.464399	.2183	102.3	.5966363	3.1554844	-1.521885	4.6279097	113
1980	1.603	21.9765	.1875	100.55	.47187689	3.0899737	-1.6739764	4.6106553	113
1981	1.308	23.019199	.1674	95.425003	.26849923	3.1363287	-1.7873691	4.5583405	113
1982	1.03	25.057699	.1267	97.125	.029558774	3.2211812	-2.0659332	4.5759988	113
1983	.74900001	26.0665	.1068	105.925	-.28901628	3.2606509	-2.2367973	4.6627312	113
1977	.57499999	24.0739	.073899999	120.5774	-.55338526	3.1811283	-2.6050425	4.7922916	114
1978	.55400002	23.7087	.072300002	119.3105	-.59059054	3.1658421	-2.6269312	4.7817292	114
1979	.57999998	23.435101	.071999997	117.8746	-.54472721	3.1542349	-2.6310892	4.7696214	114
1980	.48899999	23.0382	.0647	100	-.71539283	3.1371536	-2.7379942	4.6051702	114
1981	.47099999	21.4069	.056299999	92.662102	-.7528972	3.0637133	-2.8770607	4.5289598	114
1982	1.0549999	10.8961	.046799999	91.270401	.053540718	2.3884048	-3.061872	4.5138264	114
1983	.44	27.4643	.0407	94.671402	-.82098055	3.312887	-3.2015271	4.5504122	114
1984	.463	30.716499	.0372	97.903	-.77002823	3.4247999	-3.2914464	4.5839772	114
1977	1.86	17.7334	.23890001	120.5774	.6205765	2.8754499	-1.4317102	4.7922916	115
1978	1.847	17.2787	.2212	119.3105	.6135627	2.8494744	-1.508688	4.7817292	115
1979	1.738	17.116899	.21070001	117.8746	.55273503	2.8400662	-1.5573199	4.7696214	115
1980	1.5700001	17.5075	.1874	100	.45107564	2.8626294	-1.6745099	4.6051702	115
1981	1.346	20.4505	.155	92.662102	.2971372	3.0180073	-1.8643302	4.5289598	115
1982	1.368	20.373501	.13860001	91.270401	.31334984	3.014235	-1.9761631	4.5138264	115
1983	1.358	18.806601	.1279	94.671402	.30601305	2.9342079	-2.0565066	4.5504122	115
1984	1.469	17.869699	.13420001	97.903	.38458189	2.8831065	-2.008424	4.5839772	115
1977	1.924	19.974899	.30720001	117.6336	.65440637	2.9944766	-1.1802562	4.7675748	116
1978	1.918	19.7248	.31439999	120.3662	.65128297	2.9818769	-1.1570892	4.7905388	116
1979	1.949	19.0903	.33149999	119.0712	.66731644	2.9491804	-1.1041275	4.7797217	116
1980	1.9579999	19.435101	.3466	114.8955	.67192352	2.9670808	-1.0595839	4.7440228	116
1981	1.758	19.2656	.28529999	98.777	.5641768	2.9583211	-1.254214	4.592865	116
1982	1.651	20.941999	.243	92.430199	.50138116	3.0417566	-1.4146938	4.526454	116
1983	1.63	21.027	.2155	91.837196	.48858002	3.0458074	-1.5347943	4.5200176	116
1984	1.645	22.0182	.1978	95.209999	.49774036	3.0918694	-1.6204989	4.5560851	116
1977	10.824	18.364799	2.3443	107.4791	2.3817658	2.9104357	.85198689	4.6772966	117
1978	10.609	19.1535	2.3636999	108.9188	2.3617027	2.9524856	.86022818	4.6906028	117
1979	10.664	19.334999	2.4823999	111.5591	2.3668735	2.9619169	.90922582	4.7145543	117
1980	8.5880003	19.156	2.214	100	2.1503658	2.952616	.79480082	4.6051702	117
1981	7.7290001	22.414101	2.086	99.3965	2.0449796	3.1096902	.73524833	4.5991168	117
1982	7.2020001	21.628	2.0488999	99.293098	1.9743588	3.0739887	.71730304	4.5980759	117
1983	7.0760002	21.717699	2.043	107.0929	1.9567088	3.0781276	.71441931	4.6736965	117
1984	6.7729998	21.373899	2.1782999	113.4571	1.9129441	3.0621705	.77854472	4.7314248	117
1976	4.027	14.3738	.39860001	116.8157	1.3930217	2.6654072	-.91979682	4.7605972	118
1977	3.79	15.0237	.417	118.2223	1.332366	2.7096288	-.87466908	4.7725668	118
1978	4.0430002	14.9687	.6444	120.1551	1.3969871	2.7059615	-.43943563	4.7887836	118
1979	4.9580002	15.1323	.97219998	118.8319	1.6010025	2.7168314	-.028193759	4.77771	118
1980	4.7690001	15.4628	.65060002	111.9164	1.5621367	2.7384372	-.42986023	4.717752	118
1981	4.427	15.3375	.54220003	97.554001	1.4877222	2.7303009	-.61212027	4.5804062	118
1982	4.0500002	16.1761	.4127	92.198196	1.3987169	2.7835348	-.88503432	4.5239406	118
1983	3.8269999	16.9557	.3452	92.404099	1.3420812	2.8306041	-1.0636313	4.5261712	118
1977	2.2190001	41.665401	.36790001	109.875	.79705667	3.729671	-.99994409	4.6993432	119
1978	2.177	28.319901	.35839999	109.875	.77794778	3.3435647	-1.0261056	4.6993432	119
1979	1.983	28.749399	.35479999	111.675	.68461084	3.3586168	-1.0362011	4.7155929	119
1980	1.965	27.135401	.35249999	108.25	.67549229	3.3008392	-1.0427047	4.6844435	119
1981	1.863	24.502701	.30899999	97.25	.62218809	3.1987834	-1.174414	4.5772848	119
1982	1.5420001	25.592699	.25760001	89.474998	.43308032	3.2423072	-1.3563472	4.4939594	119
1983	1.42	25.3738	.2208	91.650002	.35065684	3.2337172	-1.5104979	4.5179768	119
1984	1.265	23.2838	.20110001	94.175003	.23507211	3.1477578	-1.603953	4.5451546	119
1977	1.13	22.909	.1883	105.597	.12221763	3.1315298	-1.6697189	4.6596298	120
1978	1.115	22.7145	.1974	108.3964	.10885441	3.1230035	-1.6225232	4.6857948	120
1979	1.117	23.982401	.2649	110.9044	.11064651	3.1773202	-1.3284029	4.7086687	120
1980	1.224	24.901501	.2947	104.9727	.20212416	3.2149282	-1.2217973	4.6537004	120
1981	1.1799999	23.655399	.2536	96.025299	.16551439	3.1635914	-1.371997	4.5646119	120
1982	1.61	24.029499	.2633	91.803802	.4762342	3.1792822	-1.3344612	4.5196538	120
1983	1.501	25.007401	.23729999	92.487503	.4061316	3.2191718	-1.4384302	4.5270734	120
1984	1.47	24.1847	.2448	96.053902	.38526243	3.1857202	-1.4073137	4.5649095	120
1977	1.255	25.943701	.2615	104.5512	.22713557	3.2559288	-1.341321	4.6496768	121
1978	1.334	23.2267	.2502	107.5437	.28818193	3.1453025	-1.3854947	4.6778975	121
1979	1.368	23.522499	.3159	110.0804	.31334984	3.1579573	-1.1523296	4.701211	121
1980	1.395	25.4445	.296	108.9509	.33289441	3.2364995	-1.2173958	4.6908975	121
1981	1.404	26.1105	.384	98.2966	.33932534	3.2623374	-.95711273	4.5879893	121
1982	1.345	27.7335	.3303	92.593697	.29639402	3.3226411	-1.107754	4.5282211	121
1983	1.3150001	29.119499	.2976	91.5326	.2738367	3.371408	-1.212005	4.516695	121
1984	1.296	29.403099	.27630001	94.698097	.25928259	3.3811002	-1.286268	4.550694	121
1976	3.0539999	28.2073	.53979999	103.7669	1.1164522	3.3395808	-.61655658	4.6421471	122
1977	3.1600001	25.761299	.56269997	106.9042	1.1505721	3.2488732	-.57500869	4.6719332	122
1978	3.073	25.416	.6591	109.4623	1.1226543	3.235379	-.41688001	4.69558	122
1979	3.0090001	26.4508	.63940001	111.9345	1.1016078	3.2752864	-.44722503	4.7179141	122
1980	2.721	25.7973	.5309	100	1.0009995	3.2502699	-.63318157	4.6051702	122
1981	2.2379999	29.437201	.4483	93.186203	.80558258	3.3822591	-.80229264	4.5345998	122
1982	1.766	30.726601	.36660001	90.816399	.56871712	3.4251287	-1.0034839	4.5088401	122
1983	1.673	31.1674	.352	93.681297	.5146184	3.4393728	-1.0441241	4.5398984	122
1976	.61199999	18.372299	.1227	103.7669	-.491023	2.9108441	-2.0980129	4.6421471	123
1977	.62599999	18.1238	.14229999	106.9042	-.46840492	2.8972261	-1.9498178	4.6719332	123
1978	.63800001	18.593599	.139	109.4623	-.44941697	2.9228175	-1.9732814	4.69558	123
1979	.65600002	19.7904	.13070001	111.9345	-.42159447	2.9851971	-2.0348506	4.7179141	123
1980	.65899998	18.8543	.1186	100	-.41703176	2.9367409	-2.1319988	4.6051702	123
1981	.63200003	20.2862	.1083	93.186203	-.45886585	3.0099409	-2.2228501	4.5345998	123
1982	.63200003	20.177601	.1195	90.816399	-.45886585	3.0045731	-2.124439	4.5088401	123
1983	.63300002	18.938	.1156	93.681297	-.45728484	2.9411705	-2.1576192	4.5398984	123
1977	.142	34.403301	.071999997	110.025	-1.9519281	3.5381525	-2.6310892	4.7007074	124
1978	.134	32.7509	.075400002	109.425	-2.0099154	3.4889305	-2.5849481	4.6952395	124
1979	.13500001	32.675301	.072700001	111.825	-2.0024805	3.4866195	-2.6214139	4.7169352	124
1980	.131	30.1467	.069200002	110.0833	-2.032558	3.4060755	-2.6707544	4.7012372	124
1981	.125	31.6479	.061799999	99.083298	-2.0794415	3.4546719	-2.7838519	4.5959611	124
1982	.126	29.6343	.0451	89.158302	-2.0714734	3.3889325	-3.0988731	4.4904137	124
1983	.123	29.370199	.041099999	91.150002	-2.0955708	3.3799806	-3.1917472	4.5125065	124
1984	.122	27.0973	.035799999	93.991699	-2.1037343	3.2994342	-3.3298075	4.5432067	124
1977	.45100001	19.8535	.111	117.3392	-.79628795	2.9883804	-2.198225	4.765069	125
1978	.458	19.451099	.1039	120.4718	-.78088611	2.9679036	-2.2643263	4.7914157	125
1979	.454	18.9776	.101	119.1908	-.78965807	2.9432592	-2.2926347	4.7807255	125
1980	.44600001	19.2195	.095600002	116.3851	-.80743629	2.9559255	-2.3475823	4.7569046	125
1981	.39899999	19.3864	.080799997	99.388496	-.91879392	2.9645717	-2.5157783	4.5990362	125
1982	.37	21.3976	.073600002	92.546204	-.99425226	3.0632787	-2.6091101	4.5277081	125
1983	.36399999	22.270399	.068400003	91.553802	-1.0106014	3.1032584	-2.6823823	4.5169268	125
1984	.35800001	22.393801	.061900001	94.940697	-1.0272223	3.1087842	-2.7822351	4.5532522	125
1977	.26699999	23.329399	.061799999	118.2223	-1.3205067	3.1497142	-2.7838519	4.7725668	126
1978	.264	22.635799	.070900001	120.1551	-1.3318062	3.1195326	-2.6464849	4.7887836	126
1979	.259	21.8032	.0691	118.8319	-1.3509272	3.0820568	-2.6722004	4.77771	126
1980	.236	20.787701	.047499999	111.9164	-1.4439235	3.0343616	-3.0470257	4.717752	126
1981	.15899999	25.351801	.040100001	97.554001	-1.8388511	3.2328498	-3.2163789	4.5804062	126
1982	.14399999	26.2677	.033100002	92.198196	-1.937942	3.2683401	-3.408222	4.5239406	126
1983	.131	30.2122	.0288	92.404099	-2.032558	3.4082458	-3.54738	4.5261712	126
1984	.104	34.331902	.023399999	95.748596	-2.2633643	3.5360751	-3.7550192	4.5617261	126
1976	1.138	14.6985	.68989998	94.665703	.12927234	2.6877453	-.37120864	4.5503516	127
1977	1.064	14.4097	.68730003	96.389999	.0620354	2.6679015	-.37498435	4.5684023	127
1978	1.135	14.9179	.67110002	98.607803	.12663265	2.7025619	-.39883709	4.5911503	127
1979	1.273	14.3948	.67830002	100.3584	.24137633	2.666867	-.38816556	4.608748	127
1980	1.51	14.2655	.65249997	100.1834	.41210964	2.6578441	-.42694417	4.6070027	127
1981	1.518	14.5068	1.0773	98.674301	.41739368	2.6746175	.074457869	4.5918245	127
1982	1.533	14.5422	.95450002	99.380699	.4272266	2.6770549	-.046567615	4.598958	127
1983	1.493	15.1643	.87910002	100.5633	.40078753	2.7189441	-.1288566	4.6107874	127
1984	1.589	16.2798	.93989998	101.6802	.46310487	2.7899251	-.061981812	4.6218324	127
1976	1.702	14.2391	.42230001	94.665703	.53180403	2.6559918	-.86203927	4.5503516	128
1977	1.834	13.9061	.44859999	96.389999	.60649937	2.6323276	-.80162364	4.5684023	128
1978	2.006	12.7122	.46849999	98.607803	.69614273	2.5425622	-.75821918	4.5911503	128
1979	2.053	12.706	.46700001	100.3584	.71930212	2.5420744	-.76142603	4.608748	128
1980	1.777	14.7105	.39559999	100.1834	.5749265	2.6885614	-.92735171	4.6070027	128
1981	1.582	14.4531	.47569999	98.674301	.45868987	2.6709089	-.7429679	4.5918245	128
1982	1.475	14.8611	.40239999	99.380699	.38865802	2.6987472	-.91030872	4.598958	128
1983	1.439	15.3642	.38029999	100.5633	.36394843	2.7320402	-.96679491	4.6107874	128
1984	1.327	14.7592	.36770001	101.6802	.28292078	2.6918666	-1.0004878	4.6218324	128
1976	.76800001	8.8274002	.2008	94.665703	-.26396555	2.1778605	-1.6054459	4.5503516	129
1977	.787	8.3601999	.1919	96.389999	-.23952703	2.1234822	-1.6507809	4.5684023	129
1978	.80400002	8.2349997	.19400001	98.607803	-.21815598	2.1083934	-1.6398971	4.5911503	129
1979	.86400002	8.0171003	.1991	100.3584	-.14618248	2.0815768	-1.6139481	4.608748	129
1980	.921	8.4820004	.2149	100.1834	-.082295239	2.1379464	-1.5375825	4.6070027	129
1981	.91000003	8.9605999	.39739999	98.674301	-.094310649	2.1928372	-.92281199	4.5918245	129
1982	.87099999	9.1365995	.3414	99.380699	-.1381133	2.2122884	-1.0747005	4.598958	129
1983	.87400001	9.1879997	.30180001	100.5633	-.13467489	2.2178984	-1.1979907	4.6107874	129
1984	.852	9.2131996	.2791	101.6802	-.16016875	2.2206371	-1.2761852	4.6218324	129
1976	20	29.309601	23.567301	101.7754	2.9957323	3.3779151	3.1598601	4.6227684	130
1977	20.700001	27.491899	24.726601	106.8009	3.0301337	3.3138914	3.2078795	4.6709661	130
1978	20.5	29.6514	42.942902	108.5589	3.0204248	3.3895094	3.7598715	4.6872931	130
1979	20.6	29.695499	43.6651	110.899	3.0252912	3.3909955	3.7765491	4.7086201	130
1980	18.5	30.4417	41.699902	102.8898	2.9177706	3.4158134	3.7304988	4.6336584	130
1981	15	34.6777	43.6712	99.547401	2.7080503	3.5460968	3.7766888	4.6006341	130
1982	12.348	37.102001	40.9263	99.318901	2.513494	3.6136708	3.7117729	4.5983357	130
1983	10.52	35.864899	42.2169	105.1429	2.3532782	3.5797591	3.7428205	4.6553202	130
1984	9.4300003	36.600601	43.000999	111.8661	2.2438962	3.6000648	3.7612233	4.7173028	130
1976	4.0999999	25.557501	.50400001	103.7669	1.4109869	3.2409308	-.685179	4.6421471	131
1977	4.046	24.737301	.5298	106.9042	1.3977287	3.2083123	-.63525569	4.6719332	131
1978	3.566	24.392799	.50779998	109.4623	1.2714446	3.194288	-.67766762	4.69558	131
1979	3.102	24.725401	.41980001	111.9345	1.1320471	3.2078311	-.86797684	4.7179141	131
1980	2.8859999	22.4762	.4463	100	1.0598714	3.112457	-.80676389	4.6051702	131
1981	2.5139999	22.857201	.40459999	93.186203	.92187506	3.1292663	-.90485638	4.5345998	131
1982	2.306	23.112	.30219999	90.816399	.83551443	3.140352	-1.1966662	4.5088401	131
1983	1.462	22.895901	.25240001	93.681297	.37980536	3.1309578	-1.3767401	4.5398984	131
1984	1.447	21.400499	.2374	97.748703	.36949247	3.0634143	-1.4380088	4.5823998	131
1976	.97100002	20.0884	.1139	126.7636	-.029428795	3.0001426	-2.1724343	4.8423238	132
1977	.954	18.175501	.1173	128.3653	-.047091611	2.9000745	-2.1430206	4.8548799	132
1978	.92500001	17.4424	.1337	124.4507	-.077961527	2.8589041	-2.0121567	4.8239098	132
1979	.90100002	19.7138	.1293	125.2176	-.10425	2.981319	-2.04562	4.8300529	132
1980	.88300002	17.1502	.1183	100	-.12443006	2.8420098	-2.1345315	4.6051702	132
1981	.72799999	20.091801	.1001	97.430496	-.31745425	3.0003119	-2.3015857	4.5791392	132
1982	.66600001	21.871901	.096500002	96.679703	-.40646559	3.0852027	-2.3382123	4.5714035	132
1983	.62199998	25.163401	.093800001	98.738602	-.47481522	3.2253907	-2.3665905	4.5924759	132
1984	.61500001	24.6744	.0902	103.7289	-.48613301	3.2057662	-2.405726	4.6417809	132
1976	2.1659999	27.622101	.28420001	117.6	.7728821	3.3186162	-1.258077	4.7672892	133
1977	2.398	25.0826	.2757	115.875	.87463504	3.2221744	-1.2884419	4.752512	133
1978	2.3570001	23.2591	.27630001	113.525	.85738969	3.1466966	-1.286268	4.7320232	133
1979	2.3559999	22.5165	.29010001	109.875	.85696524	3.1142483	-1.2375295	4.6993432	133
1980	2.5090001	22.619301	.31470001	102.225	.91988426	3.1188035	-1.1561354	4.6271763	133
1981	2.1129999	22.3941	.27250001	91.900002	.74810869	3.1087976	-1.3001167	4.5207009	133
1982	1.95	25.2626	.2536	90.175003	.66782939	3.2293251	-1.371997	4.5017524	133
1983	1.7079999	26.704399	.23270001	87.800003	.53532308	3.2848284	-1.4580052	4.4750614	133
1984	1.714	27.6099	.21870001	87.275002	.5388298	3.3181744	-1.5200543	4.4690642	133
1976	13.026	15.22	1.503	117.0448	2.5669475	2.7226105	.40746313	4.7625566	134
1977	14.227	14.7212	1.5814	120.5774	2.6551416	2.6892886	.45831054	4.7922916	134
1978	14.006	15.5864	1.6276	119.3105	2.6394858	2.7463987	.4871065	4.7817292	134
1979	13.889	15.5672	1.6553	117.8746	2.6310971	2.7451661	.50398225	4.7696214	134
1980	13.319	14.8591	1.5154999	100	2.5891917	2.6986125	.41574538	4.6051702	134
1981	13.018	16.965401	1.3250999	92.662102	2.5663331	2.831176	.28148788	4.5289598	134
1982	13.631	16.773701	1.2835	91.270401	2.6123466	2.8198123	.24959068	4.5138264	134
1983	13.349	18.4911	1.2235	94.671402	2.5914414	2.9172895	.20171562	4.5504122	134
1984	13.486	17.8505	1.2061	97.903	2.6016521	2.8820314	.187392	4.5839772	134
1976	2.3659999	18.6381	.3976	116.9589	.86120075	2.9252079	-.9223088	4.7618227	135
1977	2.3699999	18.8664	.38710001	119.6943	.86288989	2.9373825	-.94907218	4.7849412	135
1978	2.3469999	17.417101	.3946	119.6272	.85313785	2.8574526	-.92988265	4.7843804	135
1979	2.145	17.039801	.37169999	118.2336	.76313955	2.8355517	-.98966825	4.7726622	135
1980	1.818	16.9023	.3276	104.4687	.59773695	2.8274498	-1.1159619	4.6488876	135
1981	1.5700001	18.402399	.27110001	94.496597	.45107564	2.9124811	-1.3052675	4.548564	135
1982	1.3150001	18.341499	.21610001	91.618301	.2738367	2.9091661	-1.532014	4.5176311	135
1983	1.187	19.208099	.18170001	93.821198	.17142914	2.955332	-1.7053983	4.5413909	135
1984	1.194	19.5002	.147	97.0951	.17730902	2.9704247	-1.9173226	4.5756907	135
1976	.61500001	24.100201	.1242	117.0448	-.48613301	3.1822202	-2.0858622	4.7625566	136
1977	.74199998	22.055099	.1189	120.5774	-.29840606	3.0935438	-2.1294725	4.7922916	136
1978	.67299998	20.0774	.1085	119.3105	-.39600998	2.9995949	-2.2210052	4.7817292	136
1979	.69	19.3673	.0973	117.8746	-.37106368	2.9635861	-2.3299563	4.7696214	136
1980	.324	19.2094	.073600002	100	-1.1270118	2.9553998	-2.6091101	4.6051702	136
1981	.226	24.182899	.0605	92.662102	-1.4872203	3.1856458	-2.8051119	4.5289598	136
1982	.25799999	24.149599	.055100001	91.270401	-1.3547957	3.1842678	-2.8986056	4.5138264	136
1983	.35600001	23.242399	.052700002	94.671402	-1.0328245	3.1459782	-2.9431398	4.5504122	136
1984	.465	22.592501	.055599999	97.903	-.76571786	3.1176181	-2.8895721	4.5839772	136
1976	2.599	38.437801	.66430002	110.05	.95512676	3.6490414	-.40902138	4.7009349	137
1977	2.7019999	34.050999	.81639999	109.425	.99399221	3.5278594	-.20285086	4.6952395	137
1978	2.7079999	37.695099	1.0343	111.225	.99621034	3.6295302	.033724841	4.711555	137
1979	2.6229999	33.479401	1.0091	111.225	.96431869	3.5109303	.0090588052	4.711555	137
1980	2.3770001	32.2369	.9138	102.75	.86583924	3.4731119	-.090143546	4.6322989	137
1981	1.995	33.7775	.79860002	91.75	.69064403	3.5197949	-.22489506	4.5190673	137
1982	1.747	34.5625	.71359998	90.425003	.55790001	3.5427692	-.33743271	4.5045209	137
1983	1.612	35.023998	.64240003	93.150002	.47747564	3.5560334	-.44254407	4.5342112	137
1984	1.1849999	35.816299	.49669999	94.724998	.16974273	3.578403	-.69976908	4.5509777	137
1976	1.9220001	26.959299	.25470001	101.7059	.65336633	3.2943282	-1.3676689	4.6220856	138
1977	1.929	24.9356	.25830001	105.597	.65700173	3.2162964	-1.3536335	4.6596298	138
1978	1.934	25.122	.2608	108.3964	.65959042	3.2237439	-1.3440014	4.6857948	138
1979	1.976	26.573	.2631	110.9044	.68107456	3.2798955	-1.3352211	4.7086687	138
1980	2.096	27.3524	.26840001	104.9727	.74003077	3.3088043	-1.3152769	4.6537004	138
1981	1.99	24.2052	.2323	96.025299	.68813467	3.1865675	-1.4597256	4.5646119	138
1982	1.558	25.488001	.19059999	91.803802	.44340292	3.2382078	-1.6575783	4.5196538	138
1983	1.372	26.804899	.16240001	92.487503	.31626952	3.2885847	-1.8176928	4.5270734	138
1984	1.3049999	27.095699	.15019999	96.053902	.26620299	3.2993751	-1.8957876	4.5649095	138
1976	1.0549999	22.1859	.1469	102.5303	.053540718	3.099457	-1.9180032	4.6301584	139
1977	1.044	21.1581	.2238	106.1199	.043059517	3.0520229	-1.4970025	4.6645699	139
1978	1.109	20.1187	.25369999	108.8228	.10345868	3.0016496	-1.3716029	4.6897206	139
1979	1.171	20.0128	.2422	111.3165	.15785809	2.996372	-1.4179914	4.7123775	139
1980	1.123	19.438601	.2965	102.9836	.1160037	2.9672608	-1.215708	4.6345696	139
1981	1.074	19.881399	.26109999	94.889603	.071389996	2.9897845	-1.3428519	4.5527143	139
1982	1.087	20.3375	.2482	91.408798	.083421618	3.0124664	-1.3935204	4.5153418	139
1983	1.5089999	20.2055	.35170001	92.964996	.41144714	3.0059547	-1.0449767	4.5322232	139
1984	1.513	20.308399	.33579999	96.731796	.41409445	3.0110345	-1.0912396	4.5719423	139
1976	1.541	29.093901	.65100002	104.7664	.43243155	3.3705285	-.42924559	4.6517329	140
1977	1.447	25.6975	.6846	107.4791	.36949247	3.2463937	-.37892056	4.6772966	140
1978	1.425	27.587601	.70950001	108.9188	.35417178	3.3173664	-.34319475	4.6906028	140
1979	1.438	29.0149	.66500002	111.5591	.36325324	3.3678095	-.40796819	4.7145543	140
1980	1.401	28.277201	.59359998	100	.33718628	3.3420558	-.52154964	4.6051702	140
1981	1.33	30.427401	.4754	99.3965	.28517899	3.4153435	-.7435987	4.5991168	140
1982	1.192	30.556499	.42030001	99.293098	.1756326	3.4195774	-.86678654	4.5980759	140
1983	1.136	30.8661	.36970001	107.0929	.12751335	3.4296584	-.99506336	4.6736965	140
1984	1.0930001	30.644199	.36250001	113.4571	.088926256	3.4224434	-1.0147308	4.7314248	140
