country	year	EG_total	EC_total	EC_c	EC_d	FU_c	FU_d	FU_total	EC_c_alt	EC_d_alt
AUS	1995	162405	42192	8579	33613	24796	1553914	1578710	11332761600	22142226432
AUS	1996	166644	42897	8623	34274	27342	1609914	1637256	11395926016	22577653760
AUS	1997	171917	43581	8665	34916	27814	1655529	1683343	11456454656	23000563712
AUS	1998	183021	44783	9220	35563	28698	1843898	1872596	12194679808	23426768896
AUS	1999	190068	45996	9229	36767	30044	1932650	1962694	12207181824	24219891712
AUS	2000	195408	46208	9263	36945	29090	1968429	1997519	12249682944	24337147904
AUS	2001	206778	47008	9311	37697	32928	2122135	2155063	12142313472	25121417216
AUS	2002	213012	49733	9405	40328	35901	2358725	2394626	12534950912	28851490816
AUS	2003	209044	49660	9514	40146	39614	2324316	2363930	12544029696	28742094848
AUS	2004	219796	49786	9702	40084	45374	2371300	2416674	12662242304	27963559936
AUS	2005	230631	50546	10086	40460	46552	2492999	2539551	13306652672	29468583936
AUS	2006	232111	51216	10174	41042	47158	2547383	2594541	13631740928	30350475264
AUS	2007	233826	53190	10651	42539	47777	2461486	2509263	14494429184	33654370304
AUS	2008	240177	54627	10853	43774	67363	2466465	2533828		
AUS	2009	241865	56945	11188	45757	65779	2496018	2561797		
AUT	1995	55001	17440	11306	6134	24544	194051	218595	14908047360	4040710912
AUT	1996	53180	17521	11379	6142	29764	209622	239386	15002415104	4045980928
AUT	1997	55124	17861	11554	6307	28531	203816	232347	15229549568	4154672896
AUT	1998	55900	17456	11474	5982	28939	195902	224841	15122589696	3940582400
AUT	1999	58550	17847	11687	6160	29718	193585	223303	15401945088	4057838080
AUT	2000	59073	17805	11671	6134	26859	173941	200800	15374969856	4040710912
AUT	2001	60190	18112	11717	6395	28572	188843	217415	15240384512	4261651200
AUT	2002	59956	17890	11648	6242	31770	183532	215302	15465869312	4465656832
AUT	2003	57441	18188	11905	6283	33819	214529	248348	15581632512	4498246144
AUT	2004	61383	18735	12199	6536	38685	214588	253273	15807060992	4559670272
AUT	2005	63546	18914	12458	6456	49126	225811	274937	16358218752	4702154752
AUT	2006	61788	19150	12645	6505	57500	205012	262512	16853058560	4810434048
AUT	2007	62738	19100	12820	6280	66753	189878	256631	17286035456	4968368640
AUT	2008	64161	20555	13308	7247	75040	190030	265070		
AUT	2009	66717	20853	13566	7287	77738	179658	257396		
BEL	1995	70612	14917	7040	7877	19682	292764	312446	11588304896	5188894720
BEL	1996	72315	14852	7101	7751	19056	291175	310231	11693732864	5105893376
BEL	1997	75023	14693	7121	7572	19337	280038	299375	11728299008	4987978752
BEL	1998	79436	15404	7132	8272	19218	320775	339993	11746091008	5449096704
BEL	1999	80844	15522	7133	8389	20090	293237	313327	11742121984	5526169600
BEL	2000	80266	15685	7140	8545	21080	290933	312013	11749751808	5628933120
BEL	2001	76216	15533	7185	8348	24307	265895	290202	11912239104	5563137536
BEL	2002	78147	15552	7214	8338	23431	272936	296367	12096488448	5965178880
BEL	2003	80858	15615	7249	8366	29817	304581	334398	11537720320	5989547008
BEL	2004	81730	15648	7283	8365	32700	308129	340829	11620793344	5835624448
BEL	2005	83396	16096	7383	8713	35426	306975	342401	12210503680	6346015232
BEL	2006	81977	16260	7453	8807	44807	294814	339621	12493628416	6512758272
BEL	2007	85098	16380	7538	8842	51131	294700	345831	14257329152	6995273216
BEL	2008	81384	16760	7629	9131	58386	277269	335655		
BEL	2009	87523	17496	8313	9183	65370	294662	360032		
CAN	1995	542998	115505	81187	34318	57951	1232127	1290078	113830100992	22606637056
CAN	1996	556134	116940	82097	34843	59871	1200940	1260811	115031236608	22952476672
CAN	1997	556390	112653	80260	32393	70665	1346022	1416687	111380160512	21338562560
CAN	1998	544078	109949	77618	32331	74811	1500728	1575539	106761158656	21297721344
CAN	1999	559437	110974	77840	33134	84173	1487136	1571309	107033583616	21826689024
CAN	2000	586651	111324	78141	33183	83462	1643647	1727109	107426570240	21858967552
CAN	2001	570512	112537	77834	34703	87168	1679941	1767109	106136371200	23126204416
CAN	2002	582095	114979	80012	34967	91398	1586812	1678210	111135383552	25016119296
CAN	2003	570171	118271	81348	36923	91488	1655972	1747460	110823587840	26434623488
CAN	2004	580896	120459	84140	36319	89197	1576849	1666046	114556157952	25337006080
CAN	2005	606082	122838	86044	36794	92674	1538551	1631225	119570677760	26798495744
CAN	2006	595424	123947	87683	36264	87930	1508091	1596021	123458707456	26817153024
CAN	2007	620840	126376	88619	37757	83494	1565997	1649491	128607125504	29871130624
CAN	2008	621310	127610	90174	37436	70934	1508967	1579901		
CAN	2009	585036	131478	91873	39605	67273	1271598	1338871		
CZE	1995	56880	13803	3159	10644	6085	691215	697300	4886391808	7011628032
CZE	1996	59899	14973	3774	11199	6143	724892	731035	5697256960	7377228800
CZE	1997	59956	15103	3810	11293	9619	703826	713445	5744722432	7439150080
CZE	1998	60264	14892	3794	11098	10232	670271	680503	5723226624	7310695936
CZE	1999	60092	15216	3914	11302	20487	636261	656748	5881444352	7445079040
CZE	2000	68014	15323	3858	11465	17206	695387	712593	5807609344	7552453632
CZE	2001	68780	15443	3906	11537	17169	708484	725653	5873131520	7688298496
CZE	2002	70393	16310	4911	11399	17008	685291	702299	7734297600	8155082240
CZE	2003	76659	17343	5920	11423	12648	690765	703413	9106916352	8178173440
CZE	2004	77919	17434	5936	11498	15705	691870	707575	9138814976	8021280768
CZE	2005	76192	17412	5956	11456	12019	674592	686611	9479959552	8343848448
CZE	2006	77884	17508	5980	11528	12674	668859	681533	9658042368	8524932096
CZE	2007	81412	17562	6054	11508	15060	713986	729046	10780481536	9104456704
CZE	2008	77085	17739	6156	11583	18422	670094	688516		
CZE	2009	75990	18326	6672	11654	21844	628397	650241		
DEU	1995	498929	116226	32865	83361	111597	3736068	3847665	52266364928	54913220608
DEU	1996	516331	114942	33442	81500	122261	3794442	3916703	52904718336	53687308288
DEU	1997	512752	114025	33163	80862	121245	3607637	3728882	52155904000	53267030016
DEU	1998	517621	113678	33894	79784	137935	3672394	3810329	52858032128	52556910592
DEU	1999	518184	114761	35390	79371	119202	3546382	3665584	54277935104	52284850176
DEU	2000	538489	118381	37587	80794	132230	3534557	3666787	56495161344	53222236160
DEU	2001	548166	120118	40738	79380	159680	3667028	3826708	59872628736	52899119104
DEU	2002	549288	126255	45163	81092	164058	3685358	3849416	66061484032	58014904320
DEU	2003	567911	125057	44692	80365	207506	3870028	4077534	61663801344	57536454656
DEU	2004	576757	124574	46161	78413	240590	3956139	4196729	64926990336	54702788608
DEU	2005	581559	125031	48656	76375	216805	3808109	4024914	71840866304	55626870784
DEU	2006	597189	131584	52657	78927	262556	3913074	4175630	80393478144	58366353408
DEU	2007	598435	134074	56336	77738	473837	3916332	4390169	99475030016	61501759488
DEU	2008	598916	139276	59721	79555	472144	3757444	4229588		
DEU	2009	556836	146948	66704	80244	658062	3422024	4080086		
DNK	1995	34711	10841	626	10215	35083	348455	383538	579065408	6729028608
DNK	1996	51011	10828	853	9975	38924	490661	529585	789713280	6570931200
DNK	1997	41888	11492	1141	10351	41135	396230	437365	1054280832	6818617344
DNK	1998	39225	11859	1455	10404	42589	365163	407752	1343132800	6853530624
DNK	1999	37045	11875	1771	10104	45509	333228	378737	1633422208	6655908352
DNK	2000	34448	12314	2403	9911	45844	298944	344788	2213601280	6528771584
DNK	2001	36165	12482	2510	9972	49974	313636	363610	2280986112	6645377024
DNK	2002	37335	12638	2905	9733	54718	315527	370245	2757547776	6963190784
DNK	2003	43753	12909	3130	9779	63073	362663	425736	2974422784	7001169408
DNK	2004	38402	12980	3138	9842	68725	298101	366826	3298515712	6866015232
DNK	2005	34413	13032	3143	9889	71500	258169	329669	3449189376	7202541568
DNK	2006	43185	12971	3147	9824	71316	340809	412125	3505814784	7264827904
DNK	2007	37356	12994	3136	9858	74715	280937	355652	4019810304	7799073280
DNK	2008	34846	12999	3178	9821	76568	259507	336075		
DNK	2009	34448	13398	3496	9902	79036	259646	338682		
ESP	1995	159091	45900	23957	21943	15696	830020	845716	34456387584	14454730752
ESP	1996	167584	46944	24212	22732	17166	690486	707652	34750038016	14974476288
ESP	1997	182369	48559	24368	24191	19689	858402	878091	34944122880	15935578112
ESP	1998	187292	50032	24789	25243	20073	839716	859789	35351998464	16628573184
ESP	1999	199088	51517	25873	25644	23180	1061431	1084611	36497481728	16892727296
ESP	2000	214441	53924	27681	26243	29063	1094749	1123812	38710403072	17287313408
ESP	2001	225959	55879	28964	26915	29594	1034599	1064193	39757258752	17936252928
ESP	2002	232740	60497	30556	29941	32002	1249086	1281088	42113101824	21420414976
ESP	2003	250208	68906	31596	37310	47249	1182643	1229892	42115694592	26711691264
ESP	2004	268741	69575	34098	35477	51093	1316872	1367965	45253332992	24749606912
ESP	2005	282132	76574	35775	40799	58222	1480523	1538745	48437862400	29715490816
ESP	2006	287707	81244	37585	43659	47765	1477967	1525732	51349848064	32285741056
ESP	2007	293223	88714	41302	47412	52306	1536811	1589117	61892571136	37509603328
ESP	2008	301543	93534	45702	47832	50027	1453015	1503042		
ESP	2009	282871	96268	48508	47760	49994	1279460	1329454		
FIN	1995	60542	14434	5094	9340	45068	262919	307987	7662379008	6152631296
FIN	1996	66359	14572	5104	9468	51728	336578	388306	7676881408	6236950016
FIN	1997	66150	15699	5425	10274	60424	312949	373373	8196475392	6767894528
FIN	1998	67322	16145	5540	10605	64844	257375	322219	8382986752	6985937408
FIN	1999	66678	16166	5561	10605	70016	262485	332501	8402277888	6985937408
FIN	2000	67294	16261	5563	10698	72639	261390	334029	8406632448	7047200256
FIN	2001	71232	16506	5608	10898	75667	317045	392712	8472198656	7262466560
FIN	2002	71619	16569	5681	10888	88626	336545	425171	8710668288	7789501952
FIN	2003	80379	16556	5692	10864	107105	444041	551146	8416362496	7777963520
FIN	2004	82157	16567	5756	10811	99086	401012	500098	8490271232	7542012928
FIN	2005	67811	16468	5792	10676	96032	273640	369672	8795268096	7775744000
FIN	2006	78627	16562	5824	10738	133157	391663	524820	8976126976	7940728832
FIN	2007	77825	16703	5888	10815	117691	359190	476881	9798486016	8556195840
FIN	2008	74480	16648	5922	10726	124917	291719	416636		
FIN	2009	69208	16318	5944	10374	109003	303173	412176		
FRA	1995	472108	107616	83747	23869	63877	367696	431573	135285710848	15723463680
FRA	1996	490810	109699	85293	24406	65491	404935	470426	137920921600	16077207552
FRA	1997	481877	114146	88215	25931	66383	358272	424655	142965407744	17081785344
FRA	1998	487902	112588	87030	25558	67922	517424	585346	140909723648	16836075520
FRA	1999	500632	114755	88562	26193	74491	457942	532433	143548186624	17254375424
FRA	2000	516887	114681	88610	26071	77766	576055	653821	143597600768	17174009856
FRA	2001	526275	115908	88662	27246	78972	551857	630829	144562356224	18156832768
FRA	2002	534875	116862	88960	27902	83282	600217	683499	146770739200	19961671680
FRA	2003	542463	116763	89048	27715	86129	623842	709971	140241289216	19842254848
FRA	2004	549685	116975	89077	27898	92164	604115	696279	140577374208	19462313984
FRA	2005	550309	115787	89340	26447	104022	675156	779178	145962909696	19262373888
FRA	2006	549065	115716	90044	25672	102172	636475	738647	148980580352	18984390656
FRA	2007	544566	116546	90874	25672	107782	644747	752529	167281967104	20310185984
FRA	2008	548827	117746	92098	25648	109564	639838	749402		
FRA	2009	518173	119104	93480	25624	112236	657676	769912		
GBR	1995	316625	70125	17182	52943	25943	2177048	2202991	27804502016	34875670528
GBR	1996	334788	73482	17397	56085	27987	2277051	2305038	28135895040	36945428480
GBR	1997	334107	72946	17545	55401	33257	2194345	2227602	28311455744	36494852096
GBR	1998	345294	73381	17551	55830	40689	2278660	2319349	28319866880	36777451520
GBR	1999	351446	75445	17579	57866	48946	2415383	2464329	28346388480	38118645760
GBR	2000	360765	78393	17174	61219	54611	2553157	2607768	27603185664	40327401472
GBR	2001	367392	79799	17334	62465	79010	2610908	2689918	27995281408	41626902528
GBR	2002	370121	76829	17157	59672	90563	2569560	2660123	27962624000	42690592768
GBR	2003	380072	78348	16875	61473	103466	2648650	2752116	26107731968	44010930176
GBR	2004	376904	80753	17081	63672	111687	2660228	2771915	26471464960	44419112960
GBR	2005	380483	82379	17718	64661	133191	2676102	2809293	28170373120	47095111680
GBR	2006	378781	83636	17180	66456	131958	2737283	2869241	27417292800	49144074240
GBR	2007	379141	84284	17744	66540	132983	2769333	2902316	31446575104	52642557952
GBR	2008	372402	85529	18783	66746	130705	2743065	2873770		
GBR	2009	359190	88019	19699	68320	146587	2450996	2597583		
GRC	1995	38382	8942	2552	6390	1584	413461	415045	3354577664	4209348352
GRC	1996	39297	9125	2551	6574	1672	380971	382643	3353259264	4330556416
GRC	1997	40157	9574	2756	6818	1755	379646	381401	3623547648	4491289088
GRC	1998	42754	10016	2896	7120	1998	398426	400424	3803736320	4690228736
GRC	1999	45793	10760	3068	7692	2684	422257	424941	4001512448	5067027968
GRC	2000	49863	10904	3298	7606	2662	490369	493031	4257981184	5010376192
GRC	2001	49730	10992	3347	7645	2911	494734	497645	4252978944	5094655488
GRC	2002	50608	11576	3366	8210	3503	495838	499341	4371115520	5873605120
GRC	2003	54337	12080	3451	8629	2548	512164	514712	4409889792	6177839104
GRC	2004	54889	12431	3570	8861	2775	517956	520731	4540960256	6181646336
GRC	2005	55740	13306	3598	9708	2196	524999	527195	4653829632	7070712320
GRC	2006	56547	13570	3888	9682	1363	508779	510142	5063952896	7159819264
GRC	2007	59088	13686	4005	9681	1604	555650	557254	5358671872	7659041280
GRC	2008	59407	14253	4210	10043	1550	555303	556853		
GRC	2009	56073	14223	4014	10209	2457	506495	508952		
HUN	1995	31264	7404	1888	5516	2519	283002	285521	3243391744	3633609472
HUN	1996	32318	7536	1888	5648	2786	289253	292039	3243391744	3720563200
HUN	1997	32435	7534	1888	5646	2819	301705	304524	3243391744	3719245824
HUN	1998	34260	7874	1891	5983	2722	310647	313369	3248576512	3941241088
HUN	1999	34904	7866	1888	5978	2681	306714	309395	3243391744	3937947392
HUN	2000	32259	8282	1899	6383	2676	279455	282131	3262403072	4204737024
HUN	2001	33704	8393	1915	6478	2836	291805	294641	3327853824	4316962816
HUN	2002	33475	8514	1915	6599	2290	280642	282932	3359904768	4721061888
HUN	2003	31378	8311	1923	6388	3131	302828	305959	3183709696	4573419520
HUN	2004	31262	8633	1918	6715	9904	272234	282138	3195033856	4684545024
HUN	2005	33219	8586	1932	6654	22659	256329	278988	3348282368	4846365696
HUN	2006	33345	8620	1948	6672	19550	252886	272436	3418017792	4933930496
HUN	2007	37220	8542	1935	6607	22568	275770	298338	3876312064	5227072000
HUN	2008	37383	8631	2126	6505	28326	264165	292491		
HUN	2009	33344	8806	2196	6610	31526	211622	243148		
IRL	1995	16818	4060	523	3537	0	162499	162499	687165760	2329963264
IRL	1996	18077	4194	528	3666	293	174543	174836	693758144	2414940672
IRL	1997	18825	4302	582	3720	915	182812	183727	744564096	2450512640
IRL	1998	20000	4459	587	3872	879	192888	193767	749157248	2550641152
IRL	1999	20889	4352	598	3754	963	204041	205004	760461824	2472909824
IRL	2000	22684	4707	643	4064	988	208818	209806	801800512	2677119232
IRL	2001	23679	4717	653	4064	1005	224256	225261	801643072	2708264192
IRL	2002	23926	5428	668	4760	811	217939	218750	836786048	3405403136
IRL	2003	24065	5641	742	4899	775	213542	214317	899664960	3507386112
IRL	2004	24413	5802	873	4929	1038	207958	208996	1052044672	3438588672
IRL	2005	24792	6270	1020	5250	1247	207123	208370	1237246848	3823778304
IRL	2006	26122	6443	1272	5171	1279	213574	214853	1536386816	3823943936
IRL	2007	26945	7486	1381	6105	1350	210154	211504	1801168768	4829919232
IRL	2008	28870	7402	1559	5843	1602	213073	214675		
IRL	2009	27057	7604	1794	5810	1785	196909	198694		
ITA	1995	229216	65923	20352	45571	4348	1758290	1762638	26996609024	30019438592
ITA	1996	232374	68289	20411	47878	6249	1731379	1737628	27074203648	31539150848
ITA	1997	239297	70426	20611	49815	8866	1775585	1784451	27319134208	32815130624
ITA	1998	246953	72528	20787	51741	12219	1840816	1853035	27540434944	34083864576
ITA	1999	252748	73863	21279	52584	18444	1843640	1862084	28173598720	34639179776
ITA	2000	263305	75510	21318	54192	18321	1946809	1965130	28175890432	35698434048
ITA	2001	265981	76093	21691	54402	24075	1882168	1906243	28205791232	36253687808
ITA	2002	270799	76507	21982	54525	33033	1999793	2032826	29233049600	39008321536
ITA	2003	280202	78313	22267	56046	61306	1959652	2020958	29601841152	40125526016
ITA	2004	290047	81336	22544	58792	87897	2248757	2336654	30235514880	41014710272
ITA	2005	290635	85498	23333	62165	95034	2266239	2361273	31115247616	45277175808
ITA	2006	301259	89486	23690	65796	104386	2421190	2525576	31788140544	48656007168
ITA	2007	301299	93599	24577	69022	109978	2337155	2447133	32916045824	54606172160
ITA	2008	307065	98626	25904	72722	111074	2268534	2379608		
ITA	2009	281106	101447	28087	73360	130048	1945980	2076028		
JPN	1995	931237	227517	85360	142157	116598	5209785	5326383	129722793984	93644496896
JPN	1996	951247	234433	87710	146723	122478	5273419	5395897	133414133760	96652304384
JPN	1997	975977	243310	90332	152978	131793	5176288	5308081	137963765760	100772724736
JPN	1998	981415	251197	91302	159895	131642	5050750	5182392	139313741824	105329221632
JPN	1999	998569	254605	91885	162720	133695	5340087	5473782	140201345024	107190165504
JPN	2000	1019265	260490	92519	167971	132181	5455882	5588063	141225459712	110649212928
JPN	2001	1001251	263653	93424	170229	131809	5310529	5442338	142933852160	113441218560
JPN	2002	1019605	268147	93757	174390	140806	5650582	5791388	145788731392	124762234880
JPN	2003	1009314	270579	94357	176222	151860	5907425	6059285	142054932480	126164238336
JPN	2004	1037520	275268	96295	178973	155775	5812588	5968363	145938710528	124855861248
JPN	2005	1056873	277323	100055	177268	185492	5908451	6093943	156525707264	129111146496
JPN	2006	1062321	278710	100871	177839	187134	5859693	6046827	160246939648	131511574528
JPN	2007	1092834	279152	100758	178394	191991	6578221	6770212	175452078080	141134905344
JPN	2008	1040454	280533	99708	180825	186498	6139400	6325898		
JPN	2009	1007606	284486	101249	183237	176814	5616418	5793232		
KOR	1995	175787	32186	11711	20475	2053	1113446	1115499	18975313920	13487700992
KOR	1996	196715	39241	12712	26529	3307	1247476	1250783	20704950272	17475713024
KOR	1997	215127	45336	13434	31902	1530	1445802	1447332	21945497600	21015121920
KOR	1998	208115	47986	15150	32836	2390	1190956	1193346	24904732672	21630386176
KOR	1999	226512	51595	16871	34724	3346	1271360	1274706	27871078400	22874085376
KOR	2000	277691	53693	16876	36817	4242	1801857	1806099	27876071424	24252829696
KOR	2001	297872	56763	17646	39117	6775	1921359	1928134	29115521024	26067709952
KOR	2002	317295	58951	19610	39341	10810	2066273	2077083	32937230336	28145371136
KOR	2003	329666	60679	19618	41061	11394	1998453	2009847	31334234112	29397178368
KOR	2004	352725	64532	20633	43899	13534	2342882	2356416	33142347776	30624995328
KOR	2005	372795	66537	21172	45365	14529	2402453	2416982	35348004864	33041086464
KOR	2006	388205	70081	23415	46666	16373	2521264	2537637	39172251648	34509410304
KOR	2007	410370	73373	23485	49888	20728	2625375	2646103	44215541760	39468470272
KOR	2008	428661	79859	23882	55977	23696	2695774	2719470		
KOR	2009	434978	80610	24106	56504	25433	2913557	2938990		
LUX	1995	1192	1250	1133	117	885	4948	5833	1493837312	77072576
LUX	1996	1227	1270	1135	135	685	4582	5267	1495674624	88929896
LUX	1997	1234	1272	1137	135	810	3284	4094	1497511808	88929896
LUX	1998	1255	1201	1143	58	1061	1899	2960	1503023616	38206916
LUX	1999	1008	1218	1147	71	1222	2093	3315	1506698240	46770536
LUX	2000	1134	1220	1147	73	1223	2771	3994	1506698240	48088016
LUX	2001	1586	1238	1148	90	1242	6313	7555	1489385472	59976324
LUX	2002	3672	1627	1150	477	1271	20856	22127	1528187264	341255744
LUX	2003	3594	1654	1169	485	1403	20928	22331	1557383424	347230496
LUX	2004	4102	1682	1193	489	1556	25005	26561	1592591488	341138144
LUX	2005	4105	1683	1193	490	1520	24652	26172	1619104000	356885984
LUX	2006	4302	1684	1193	491	1641	25891	27532	1644324992	363093504
LUX	2007	3960	1685	1193	492	1715	22862	24577	1672372096	389241632
LUX	2008	3518	1699	1202	497	1816	19449	21265		
LUX	2009	3832	1702	1202	500	2341	22335	24676		
MEX	1995	145074	35862	11438	24424	38064	1146040	1184104	15861783552	16089064448
MEX	1996	154680	37618	12135	25483	29789	1234169	1263958	16779718656	16786670592
MEX	1997	162760	38140	12154	25986	28168	1342667	1370835	16803530752	17118016512
MEX	1998	171834	38529	11822	26707	30495	1500334	1530829	16367512576	17592967168
MEX	1999	180766	38998	11801	27197	29390	1507209	1536599	16365722624	17915750400
MEX	2000	194216	40345	11904	28441	31678	1676809	1708487	16534236160	18735222784
MEX	2001	201361	42514	11888	30626	46082	1743151	1789233	16389917696	20409276416
MEX	2002	205022	45716	11891	33825	46770	1796742	1843512	16744782848	24199108608
MEX	2003	203852	49706	12017	37689	45502	1832277	1877779	17074213888	26983032832
MEX	2004	220648	52268	12932	39336	46623	1759126	1805749	18969270272	27441737728
MEX	2005	231601	52497	12957	39540	47455	1820003	1867458	18517577728	28798513152
MEX	2006	238206	55352	13242	42110	41834	1844419	1886253	18810324992	31140257792
MEX	2007	245946	57839	14022	43817	47157	1881826	1928983	19547766784	34665447424
MEX	2008	251663	58304	13921	44383	43343	1818257	1861600		
MEX	2009	250016	59326	14359	44967	47334	1872359	1919693		
NLD	1995	77553	19034	794	18240	31316	685146	716462	1157315200	12015416320
NLD	1996	81748	20441	841	19600	40306	711571	751877	1202608256	12911302656
NLD	1997	83203	20132	814	19318	47025	724458	771483	1134580096	12725538816
NLD	1998	87668	20212	855	19357	50734	750389	801123	1176478592	12751228928
NLD	1999	83181	20675	905	19770	54186	711375	765561	1228761984	13023289344
NLD	2000	86029	21062	946	20116	57192	730427	787619	1274894720	13251213312
NLD	2001	89862	20382	992	19390	60510	780121	840631	1329981696	12921566208
NLD	2002	92068	20876	1182	19694	67382	803310	870692	1549642880	14089497600
NLD	2003	92973	20926	1438	19488	66192	807404	873596	1799934976	13952223232
NLD	2004	98409	21833	1608	20225	75074	840050	915124	2081143936	14109445120
NLD	2005	96171	21800	1761	20039	93115	794594	887709	2342336256	14595179520
NLD	2006	94427	22977	2157	20820	91473	761697	853170	2861208320	15396346880
NLD	2007	100851	23802	2348	21454	81820	794015	875835	3552731392	16973150208
NLD	2008	103376	24875	2753	22122	97680	798546	896226		
NLD	2009	108946	25992	2837	23155	106528	827819	934347		
PRT	1995	31866	9318	4425	4893	6176	222250	228426	5833528320	3223214592
PRT	1996	33185	9396	4454	4942	5872	172628	178500	5867765760	3255492864
PRT	1997	32857	9469	4476	4993	6907	184184	191091	5894091264	3289088512
PRT	1998	37479	9787	4560	5227	6513	227141	233654	5997860352	3443233792
PRT	1999	41740	10755	4599	6156	10141	299811	309952	6046909952	4055203072
PRT	2000	42215	10899	4624	6275	14894	266041	280935	6069475840	4133593344
PRT	2001	44844	10991	4700	6291	14764	265307	280071	6077017600	4192345088
PRT	2002	44390	11240	4792	6448	15669	311432	327101	6311448576	4613033472
PRT	2003	45375	11621	4872	6749	15616	255013	270629	6332195328	4831873536
PRT	2004	43482	12713	5421	7292	16688	280037	296725	6960199680	5087074304
PRT	2005	44984	13391	6114	7277	17914	328629	346543	7866934784	5300121088
PRT	2006	47493	14459	6774	7685	17729	285000	302729	8734042112	5683041792
PRT	2007	45908	14994	7302	7692	18909	261859	280768	9739577344	6085460480
PRT	2008	44579	15763	7996	7767	18467	260332	278799		
PRT	2009	48718	17392	8546	8846	22545	269745	292290		
SVK	1995	23418	7238	4020	3218	3671	176744	180415	6021602816	2119825152
SVK	1996	22783	7439	4150	3289	2171	175826	177997	6193005056	2166595840
SVK	1997	22105	7863	4159	3704	2068	176398	178466	6204871680	2439972864
SVK	1998	23002	7777	4617	3160	2364	169501	171865	6989064192	2081618304
SVK	1999	25410	7752	4619	3133	3898	165413	169311	6991700992	2063832320
SVK	2000	27744	7454	5060	2394	3888	138062	141950	7753479168	1577023488
SVK	2001	29613	8333	5142	3191	2173	153703	155876	7876612608	2126493952
SVK	2002	29980	8129	5145	2984	3099	132025	135124	7995856896	2134815744
SVK	2003	28715	8212	5150	3062	2600	151819	154419	7704324608	2192205824
SVK	2004	28153	8278	5161	3117	2956	142809	145765	7715011072	2174493952
SVK	2005	29291	8257	5157	3100	4391	135386	139777	7950985728	2257850112
SVK	2006	28906	8219	5158	3061	6326	124240	130566	8075955712	2263603200
SVK	2007	25766	7348	4720	2628	6156	113032	119188	7889894912	2079120000
SVK	2008	26645	7357	4753	2604	7716	106763	114479		
SVK	2009	24102	7154	4311	2843	9488	105360	114848		
SVN	1995	11827	2518	1421	1097	106	49989	50095	2145691904	722637760
SVN	1996	12022	2495	1398	1097	96	49717	49813	2115366912	722637760
SVN	1997	12357	2495	1398	1097	94	60602	60696	2115366912	722637760
SVN	1998	12891	2571	1474	1097	103	63671	63774	2215571456	722637760
SVN	1999	12457	2576	1479	1097	334	56678	57012	2222163712	722637760
SVN	2000	12795	2614	1499	1115	986	58766	59752	2245254656	734495040
SVN	2001	13591	2899	1562	1337	1039	64427	65466	2327422976	890981632
SVN	2002	13693	2943	1605	1338	1398	67455	68853	2421463296	957233088
SVN	2003	12895	2970	1630	1340	1556	64942	66498	2376049408	959358528
SVN	2004	14308	2965	1630	1335	1689	65199	66888	2370902272	931328000
SVN	2005	14149	2992	1635	1357	1560	65964	67524	2444192256	988355648
SVN	2006	14117	3038	1675	1363	1556	67209	68765	2540331264	1007935680
SVN	2007	14044	3035	1684	1351	1428	68325	69753	2731888896	1068832192
SVN	2008	15357	2989	1694	1295	3442	66668	70110		
SVN	2009	15374	3050	1740	1310	2729	64599	67328		
SWE	1995	144226	33625	26276	7349	89388	101205	190593	38741938176	4841079808
SWE	1996	136557	34160	26365	7795	102405	154717	257122	38844088320	5134878208
SWE	1997	145027	34539	26670	7869	100861	101809	202670	39250501632	5183624704
SWE	1998	154385	33027	26519	6508	100432	109067	209499	39031017472	4287079680
SWE	1999	150539	34101	26726	7375	114025	87434	201459	39293997056	4858207232
SWE	2000	141594	33724	26198	7526	124553	63089	187642	38340591616	4957677056
SWE	2001	157637	33838	26302	7536	136017	74388	210405	38357999616	5022017536
SWE	2002	143235	32506	26044	6462	135916	90863	226779	38641065984	4623049216
SWE	2003	132537	33365	25987	7378	154337	98233	252570	37385478144	5282199552
SWE	2004	148531	33696	26272	7424	160106	81578	241684	37696249856	5179160576
SWE	2005	154612	33390	26313	7077	178050	65888	243938	38768312320	5154452992
SWE	2006	140374	34127	26245	7882	186342	68616	254958	39269203968	5828722688
SWE	2007	145133	34300	26427	7873	190549	59223	249772	41877815296	6228657152
SWE	2008	146410	33943	26197	7746	195512	53799	249311		
SWE	2009	133331	35285	26948	8337	206373	66883	273256		
TUR	1995	81859	20955	9881	11074	11625	518965	530590	13033419776	7294886400
TUR	1996	90084	21250	9953	11297	8443	585302	593745	13128350720	7441785344
TUR	1997	98246	21892	10120	11772	7210	648247	655457	13348536320	7754686976
TUR	1998	105499	23354	10334	13020	3296	710825	714121	13627092992	8576794112
TUR	1999	110702	26120	10564	15556	3307	796903	800210	13930342400	10247358464
TUR	2000	118698	27264	11212	16052	2442	868781	871223	14780719104	10574093312
TUR	2001	116251	28332	11710	16622	2498	894225	896723	15247377408	11076961280
TUR	2002	123727	31846	12278	19568	1841	852896	854737	16340614144	13999354880
TUR	2003	135248	35587	12613	22974	1306	889215	890521	16616596480	16447986688
TUR	2004	145066	36824	12679	24145	1125	900760	901885	16568119296	16844131328
TUR	2005	155469	38843	12942	25901	1397	1032509	1033906	17145384960	18864701440
TUR	2006	169543	40565	13145	27420	1802	1136071	1137873	17674588160	20277032960
TUR	2007	183340	40835	13564	27271	2429	1351589	1354018	18234333184	21575221248
TUR	2008	189763	41818	14223	27595	2426	1437484	1439910		
TUR	2009	186619	44761	15422	29339	3525	1377649	1381174		
USA	1995	3373176	776333	204674	571659	1719836	25760026	27479862	311549132800	376574640128
USA	1996	3464067	783112	203425	579687	1821557	26609626	28431184	310437806080	381863002112
USA	1997	3482195	785857	203402	582455	1824498	27924228	29748726	310017687552	383686377472
USA	1998	3604427	784589	200705	583884	1748384	28493944	30242328	305414635520	384627703808
USA	1999	3681067	800134	202476	597658	865077	28461876	29326952	308002914304	393701195776
USA	2000	3816731	812630	202506	610124	892538	28587148	29479686	308035289088	401913053184
USA	2001	3736858	848322	203278	645044	896087	28898184	29794272	308474183680	429859667968
USA	2002	3892170	905363	205512	699851	1066749	28132732	29199480	316237479936	500687994880
USA	2003	3919132	948730	207234	741496	982836	28223540	29206376	308296417280	530866044928
USA	2004	4006188	963308	207392	755916	977542	28872892	29850434	310888693760	527345123328
USA	2005	4087961	978539	210747	767792	910047	29682572	30592620	323138355200	559212658688
USA	2006	4097795	986954	214318	772636	796492	28845192	29641684	332074778624	571362705408
USA	2007	4190541	995879	220205	775674	801957	29859080	30661036	368760324096	613667897344
USA	2008	4152092	1011255	229041	782214	814415	29115616	29930032		
USA	2009	3978759	1026871	240446	786425	802717	26918680	27721396		
