oil	output	price	time
11.877264	36.064236	-47.999535	1973m2
1.4191496	41.527016	-48.286472	1973m3
1.1777108	43.991249	-47.0825	1973m4
27.455135	48.105888	-43.857651	1973m5
-13.110436	52.033463	-41.571064	1973m6
36.258072	52.94286	-40.987961	1973m7
-14.084422	57.665997	-42.781731	1973m8
20.83655	63.155869	-37.573864	1973m9
-23.715773	74.403786	-38.454929	1973m10
-59.708187	72.906609	-34.808853	1973m11
9.1212997	76.71209	-31.048386	1973m12
26.176655	72.717613	12.969996	1974m1
10.102647	64.878448	38.007259	1974m2
9.230979	68.652061	39.179806	1974m3
15.544122	63.149658	38.475567	1974m4
3.5457981	70.42907	39.772537	1974m5
-8.8525591	60.627159	39.259609	1974m6
-23.292599	50.688232	36.246944	1974m7
-31.902449	48.511726	34.486721	1974m8
11.852437	48.834946	31.903646	1974m9
3.7577178	49.145885	30.395372	1974m10
1.6348628	47.492512	30.140623	1974m11
-10.765544	26.63957	31.654993	1974m12
-48.806908	11.562386	30.496456	1975m1
-23.393274	4.9306378	32.09343	1975m2
-1.9156272	-8.6688633	33.461021	1975m3
-8.9174376	-22.303537	32.932236	1975m4
5.5225453	-24.93713	32.819118	1975m5
29.962196	-17.903097	38.489525	1975m6
31.172342	-22.687222	36.707611	1975m7
25.594091	-26.356646	37.893826	1975m8
37.025791	-15.557235	35.673878	1975m9
-118.88749	-15.178859	39.447163	1975m10
41.380642	-6.6756525	41.28027	1975m11
16.223125	-16.741283	39.19817	1975m12
-17.554892	-26.532894	27.859425	1976m1
31.913338	-30.845825	27.604988	1976m2
29.585541	-13.799185	29.294073	1976m3
-22.13142	-10.641364	28.223461	1976m4
5.1251841	-2.7935531	27.83938	1976m5
38.757942	-.40016598	27.829517	1976m6
7.2057147	-4.5850301	27.524117	1976m7
8.4736681	-6.6081815	27.515978	1976m8
18.511911	-7.226429	26.18047	1976m9
36.208382	-4.127707	25.809357	1976m10
11.15496	-3.0070055	26.129473	1976m11
29.306982	-16.616829	26.567188	1976m12
-113.32947	-29.198923	28.930632	1977m1
77.983208	-25.173716	30.640162	1977m2
9.7543087	-25.468048	30.411016	1977m3
-18.950365	-23.678209	28.496428	1977m4
-38.987625	-16.671413	29.958036	1977m5
18.3141	-20.90003	29.529312	1977m6
-23.143414	-24.371849	27.727463	1977m7
16.960978	-26.902206	28.883642	1977m8
24.920395	-27.018709	27.323109	1977m9
-2.5589347	-14.285117	27.247845	1977m10
22.836309	-14.722074	26.943411	1977m11
24.046875	-18.628262	27.482166	1977m12
-113.88154	-19.05797	25.202784	1978m1
31.392494	-19.325003	23.964996	1978m2
10.447789	-19.747623	24.436302	1978m3
18.112864	-20.322878	22.477112	1978m4
-20.588291	-6.6047134	22.303513	1978m5
28.033693	-2.6282513	21.737846	1978m6
-8.5531082	-9.1131592	20.627089	1978m7
16.052011	-9.5116949	19.811005	1978m8
41.425869	-.74531633	19.387581	1978m9
8.2116718	-3.7551291	19.175243	1978m10
2.8199441	5.6343918	19.329956	1978m11
-26.224138	3.578438	20.086842	1978m12
-30.395834	-2.8673191	22.886854	1979m1
6.4665513	.60776681	24.292187	1979m2
22.800549	11.558115	26.568752	1979m3
23.845993	12.41917	32.4594	1979m4
-3.8809309	22.906389	39.100338	1979m5
4.8158298	31.044456	48.137222	1979m6
12.01234	34.314205	56.380245	1979m7
-2.4004354	25.863008	59.207962	1979m8
-4.5873933	28.67375	62.667927	1979m9
8.440876	28.207253	61.558487	1979m10
6.1136804	30.338383	68.070625	1979m11
-8.7379942	23.323515	73.654396	1979m12
-21.780771	22.42075	78.404343	1980m1
7.0571432	24.446882	82.357285	1980m2
-20.616173	24.766726	84.074097	1980m3
-24.703838	32.496315	83.438721	1980m4
-12.23432	33.401417	84.782791	1980m5
4.6050038	30.112581	84.244347	1980m6
-8.020092	24.837727	84.210175	1980m7
-3.2836027	28.457773	83.283363	1980m8
-23.404957	28.662218	82.503586	1980m9
-51.635101	28.211172	82.0467	1980m10
17.629034	31.870117	82.309319	1980m11
28.852568	32.943745	82.906258	1980m12
-3.2334471	30.787361	90.636604	1981m1
5.4779158	29.492062	90.108711	1981m2
13.392606	24.379898	87.644135	1981m3
-20.695131	22.305826	87.342079	1981m4
-16.926428	17.553846	85.175827	1981m5
-14.48172	19.579529	82.124084	1981m6
-27.905973	15.325625	79.80249	1981m7
-20.603924	6.6050134	76.940857	1981m8
2.4593618	5.2064362	74.902924	1981m9
8.0737095	6.4408016	74.552986	1981m10
-12.686365	5.871788	76.303276	1981m11
21.295614	2.315238	75.263329	1981m12
-5.5340047	-.10420402	73.798004	1982m1
-14.094586	-5.1907859	73.311745	1982m2
-41.144817	-.070250452	69.256554	1982m3
-30.203598	4.0168638	65.202347	1982m4
19.756817	2.0747383	64.137489	1982m5
44.158066	-11.635205	66.031616	1982m6
-9.4134026	-26.989275	64.476265	1982m7
-1.7563488	-28.56019	62.795197	1982m8
-3.2718849	-18.118631	63.037697	1982m9
38.182465	-17.815096	63.383152	1982m10
12.823165	-16.074045	62.912594	1982m11
-24.833824	-12.980612	62.491245	1982m12
-33.239483	-11.752929	57.772362	1983m1
-69.05838	-8.8587208	55.610992	1983m2
22.053562	-7.1496592	47.631985	1983m3
5.2622852	-5.8493924	45.218185	1983m4
39.375126	-6.0256147	46.868042	1983m5
4.7755442	-14.599633	49.090572	1983m6
39.798695	-21.648058	47.067963	1983m7
-3.3638375	-22.325851	49.308285	1983m8
14.313223	-20.394489	49.144535	1983m9
-5.6917081	-18.570669	49.186035	1983m10
8.017313	-14.091428	46.914661	1983m11
-17.607973	-20.428497	47.337669	1983m12
2.5346594	-19.406725	44.928493	1984m1
7.6943841	-15.441912	44.82119	1984m2
-6.0900669	-12.943613	44.667484	1984m3
4.3625693	-10.709081	44.830666	1984m4
-8.3663759	-11.038437	45.151207	1984m5
27.81477	-16.187143	44.718636	1984m6
-15.603203	-19.207493	43.680614	1984m7
-37.171429	-18.687426	43.1166	1984m8
10.282813	-16.77886	42.066029	1984m9
9.1332903	-16.058733	41.99781	1984m10
.37627614	-11.620012	41.633873	1984m11
-.88554221	-13.406032	38.906986	1984m12
-27.678762	-15.460787	36.807968	1985m1
32.846939	-17.063528	34.406342	1985m2
4.8174605	-15.149842	34.712132	1985m3
-9.3888159	-11.88597	35.948685	1985m4
-32.223766	-12.206272	35.79818	1985m5
-33.627148	-18.064192	34.242496	1985m6
23.814016	-30.415359	31.529545	1985m7
-3.1434255	-34.786572	31.49445	1985m8
42.433559	-28.283794	31.121187	1985m9
36.776131	-20.513981	31.614079	1985m10
10.236695	-20.129152	32.378586	1985m11
6.6985245	-20.655565	28.507874	1985m12
-22.438595	-21.70723	23.136332	1986m1
.21597023	-29.906067	-8.6422825	1986m2
-10.782047	-33.742531	-32.275318	1986m3
2.2642262	-39.107834	-39.730778	1986m4
25.37422	-41.637207	-39.854408	1986m5
16.307774	-42.217342	-47.462269	1986m6
23.651939	-47.388657	-59.138248	1986m7
13.37591	-43.610409	-50.796089	1986m8
-84.990517	-28.522284	-43.227428	1986m9
7.7588406	-28.179743	-43.955318	1986m10
19.992559	-29.791725	-38.952553	1986m11
3.6266062	-29.464659	-34.173744	1986m12
-14.913496	-24.412579	-19.793959	1987m1
-15.119945	-23.846409	-16.981312	1987m2
-16.309721	-19.287239	-15.702903	1987m3
14.822209	-13.734028	-12.562525	1987m4
17.470657	-7.3184915	-10.836047	1987m5
-6.4674892	-13.196537	-8.7882423	1987m6
54.318649	-14.912229	-6.1549845	1987m7
16.408298	-4.68363	-6.2823467	1987m8
-12.476234	-5.5048995	-10.591038	1987m9
4.0221815	-1.4225609	-11.067882	1987m10
-9.551425	.56316239	-13.542264	1987m11
1.5349981	2.5853839	-19.03643	1987m12
-16.277676	4.2153764	-30.111893	1988m1
1.6799597	8.358695	-30.413691	1988m2
7.5517335	9.9951382	-35.314278	1988m3
6.4679012	8.0458393	-30.046745	1988m4
-5.8841548	6.7866225	-28.337194	1988m5
-7.0028353	-1.4706064	-31.498234	1988m6
8.8564415	-2.8061936	-36.474808	1988m7
23.819468	-1.0495323	-40.260406	1988m8
7.2006221	.14341779	-44.089115	1988m9
33.654644	4.1204805	-50.300766	1988m10
9.0170517	8.2012024	-53.667892	1988m11
4.8244305	7.8077636	-43.156208	1988m12
-57.784645	10.732402	-30.74942	1989m1
-9.8360291	6.914988	-27.586977	1989m2
8.2603025	10.754091	-21.328512	1989m3
8.7731619	10.720149	-12.311553	1989m4
-1.6070155	11.512004	-15.592991	1989m5
.75292671	4.7508111	-20.096504	1989m6
10.491548	2.8586271	-21.96274	1989m7
17.854315	6.7366481	-26.279139	1989m8
1.6479207	6.7918844	-24.281555	1989m9
11.256173	8.3143387	-21.029188	1989m10
14.845881	12.152016	-21.263231	1989m11
-6.9507837	10.884845	-12.55686	1989m12
-10.942252	12.045029	-11.234152	1990m1
5.061295	9.7307482	-15.249667	1990m2
17.593023	9.5003901	-20.056845	1990m3
-5.3562541	4.8876619	-33.116402	1990m4
-11.069698	-1.1988665	-36.877087	1990m5
-16.356466	-5.7500849	-43.390213	1990m6
2.07269	-12.471856	-35.072926	1990m7
-72.50798	-12.294257	2.3924158	1990m8
52.515633	-14.240912	22.5469	1990m9
6.8410864	-11.721	31.437471	1990m10
16.291965	-9.464571	22.677452	1990m11
4.1772022	-4.1621356	5.6559677	1990m12
-3.5749731	-2.6372905	-8.3601131	1991m1
-6.164124	.5886448	-28.202887	1991m2
5.0640869	.98600602	-32.216805	1991m3
-28.023397	-1.5247889	-28.315962	1991m4
-3.5936036	-1.0572129	-28.467272	1991m5
3.90939	-.60032004	-31.971838	1991m6
19.955982	-4.6097779	-30.114267	1991m7
-13.962024	-7.1340885	-27.313654	1991m8
20.76972	-5.2870822	-26.067966	1991m9
-.88458502	-4.6701283	-21.786978	1991m10
4.8657246	-2.073421	-24.824867	1991m11
8.0358315	-5.7673101	-37.067596	1991m12
1.3348299	-10.216153	-43.574368	1992m1
-16.511711	-14.998768	-44.414108	1992m2
-12.964772	-18.049532	-42.549149	1992m3
7.2050395	-20.243147	-36.774063	1992m4
-22.725925	-17.06711	-29.131018	1992m5
4.9217815	-20.494497	-24.029823	1992m6
9.3790884	-23.6576	-24.769817	1992m7
-.26620981	-24.209373	-27.496712	1992m8
5.2456799	-21.814152	-27.657618	1992m9
15.860117	-20.471188	-27.667439	1992m10
-5.7212753	-16.234587	-32.931808	1992m11
6.3474417	-10.305029	-41.339752	1992m12
-3.6506293	-10.696206	-42.52039	1993m1
7.0129175	-10.944981	-39.163666	1993m2
-14.153565	-8.762476	-36.975662	1993m3
-14.087793	-8.3426733	-34.393162	1993m4
3.7493293	-6.9405012	-37.209705	1993m5
-5.7215347	-9.6211529	-43.565331	1993m6
12.172075	-13.51666	-49.777458	1993m7
-3.5550544	-16.305239	-51.065948	1993m8
.22674949	-12.900191	-53.271233	1993m9
9.2547626	-14.770019	-51.937119	1993m10
1.2684528	-16.642445	-62.612194	1993m11
7.6712914	-18.613468	-74.027985	1993m12
3.8236871	-21.281366	-71.124687	1994m1
-3.5337679	-24.09437	-71.630013	1994m2
-1.7991261	-21.990202	-69.754982	1994m3
-9.1477594	-19.470123	-60.002647	1994m4
8.7955875	-14.025083	-52.276066	1994m5
6.2147822	-16.990868	-44.611057	1994m6
-7.8782582	-16.569836	-42.170597	1994m7
-2.1331935	-12.353901	-47.607342	1994m8
11.997414	-7.35461	-52.414761	1994m9
9.7272739	-2.0997415	-50.244209	1994m10
3.3912666	-.082773313	-49.350559	1994m11
6.2254395	2.5233822	-53.769615	1994m12
-7.6480942	-.66503954	-49.211067	1995m1
10.058884	-2.7307568	-45.62645	1995m2
-14.504209	3.3605938	-45.825058	1995m3
15.538163	1.3825972	-37.917809	1995m4
.091344826	.17853592	-38.866718	1995m5
-16.652925	-5.8984103	-45.345352	1995m6
18.455807	-4.7486587	-50.959747	1995m7
2.5209172	-4.3823614	-50.914017	1995m8
7.5542994	-5.9865742	-50.022167	1995m9
-6.5196786	-10.130735	-52.828686	1995m10
3.7967627	-11.057327	-51.556862	1995m11
7.4353623	-12.532061	-45.752708	1995m12
-1.3763331	-14.613237	-46.556812	1996m1
7.5297461	-16.680149	-45.105122	1996m2
-2.8169653	-13.756424	-34.106373	1996m3
-2.7985899	-14.202325	-27.552002	1996m4
.0048222328	-15.530526	-33.584023	1996m5
6.051868	-21.817755	-37.833004	1996m6
1.629106	-28.534733	-36.585396	1996m7
-6.2116656	-25.777197	-32.076939	1996m8
8.8927698	-25.340876	-25.297323	1996m9
6.7032394	-23.468679	-20.39838	1996m10
8.3749437	-12.778005	-23.15521	1996m11
10.604421	-11.111114	-20.96567	1996m12
-1.2363091	-10.156435	-22.01911	1997m1
6.5637736	-13.183241	-31.964302	1997m2
-.25862804	-11.919527	-40.6236	1997m3
9.6052723	-13.09084	-47.88039	1997m4
-11.955693	-12.665023	-43.921658	1997m5
-14.246198	-12.860628	-50.796825	1997m6
8.2447309	-9.5199194	-50.117912	1997m7
16.151274	-8.6151962	-47.715202	1997m8
6.3740101	-6.337707	-48.578007	1997m9
9.353776	-7.441956	-43.951633	1997m10
-2.6285717	-8.0683746	-48.719772	1997m11
-3.376323	-9.486392	-60.203991	1997m12
21.968859	-12.552162	-71.03788	1998m1
6.5099573	-21.312447	-78.346741	1998m2
-2.0769629	-22.245071	-85.988808	1998m3
-2.4402554	-26.368687	-82.374176	1998m4
-9.5454826	-27.400408	-84.194077	1998m5
-4.9415674	-32.663662	-92.579338	1998m6
-2.3259575	-36.223892	-93.342873	1998m7
-17.927956	-33.715263	-95.300262	1998m8
1.5807087	-25.330023	-83.485207	1998m9
2.161417	-22.86042	-89.036263	1998m10
15.236592	-26.25301	-98.862793	1998m11
-3.1665547	-25.99966	-114.77949	1998m12
3.8029487	-34.603172	-107.08049	1999m1
5.7582264	-34.341206	-105.42111	1999m2
-5.7633052	-26.89572	-89.666489	1999m3
-26.146555	-32.064533	-70.054527	1999m4
-3.5336969	-24.69887	-65.177956	1999m5
-19.327957	-30.246218	-63.017769	1999m6
27.963846	-27.591051	-50.818783	1999m7
-2.0152297	-23.172956	-43.024349	1999m8
.80714166	-18.58333	-33.336708	1999m9
9.2256641	-7.2755194	-33.607796	1999m10
-.37970418	-7.0621781	-26.991711	1999m11
-14.79314	-5.1203985	-22.132046	1999m12
17.804171	-7.8637552	-18.640097	2000m1
11.297685	-5.1183376	-11.075818	2000m2
.57752377	-.18724933	-10.536887	2000m3
11.980896	.20434336	-23.615156	2000m4
8.9069519	-1.8416091	-15.650192	2000m5
-3.6317134	-2.4055674	-6.9606762	2000m6
10.916156	-1.1147397	-10.44892	2000m7
14.222967	.19304915	-7.6318326	2000m8
.66054499	2.1135652	-2.2199564	2000m9
7.5392814	3.5724914	-5.2134457	2000m10
9.3120852	4.3322935	-4.4144411	2000m11
-21.704285	.43285662	-22.118828	2000m12
-2.197823	-2.7249229	-25.508154	2001m1
-8.3383312	-6.3317685	-23.794662	2001m2
11.862299	-6.6418753	-32.026085	2001m3
-15.579664	-7.8994975	-32.283253	2001m4
-12.351777	-7.0930185	-25.901573	2001m5
-27.635759	-8.4699163	-28.926615	2001m6
34.973663	-13.592323	-33.854019	2001m7
3.1832442	-22.825001	-29.512053	2001m8
-6.6428332	-23.853605	-35.352325	2001m9
-2.0532355	-25.504599	-53.29446	2001m10
4.3699965	-27.329111	-68.777664	2001m11
-7.7064767	-27.620138	-69.4086	2001m12
-15.784039	-24.474297	-62.967094	2002m1
1.266237	-21.880007	-56.330429	2002m2
-3.3499026	-16.541824	-36.558819	2002m3
-10.344827	-15.577811	-29.697796	2002m4
11.128248	-18.926905	-27.90918	2002m5
-2.6839945	-19.304871	-32.099937	2002m6
8.5059538	-19.664906	-25.961884	2002m7
-4.8079343	-18.818893	-23.515602	2002m8
10.509678	-12.031502	-18.152052	2002m9
23.463036	-5.5781479	-22.702726	2002m10
2.1602235	-3.3183293	-32.176258	2002m11
-29.527275	1.4640732	-20.413069	2002m12
9.6564636	3.4229443	-8.1287985	2003m1
27.620361	3.066546	-2.4999509	2003m2
9.0965471	6.9081407	-12.433428	2003m3
-18.530441	10.495301	-29.785973	2003m4
.22736703	13.513622	-26.92194	2003m5
-13.919671	12.488285	-19.121819	2003m6
10.747082	12.45067	-16.802452	2003m7
7.9993062	14.555844	-15.28831	2003m8
12.142171	15.804106	-26.11006	2003m9
14.776328	30.342871	-19.733383	2003m10
3.547488	32.796761	-19.239904	2003m11
21.364908	35.016056	-15.373749	2003m12
-5.2978415	39.457996	-10.710175	2004m1
-.60993481	40.576355	-9.0703907	2004m2
-.42848992	37.861191	-4.6057515	2004m3
-.95097315	33.968685	-4.2078242	2004m4
-5.2011786	27.68524	5.1947355	2004m5
26.643549	22.303495	-1.6303715	2004m6
5.7723136	29.108652	5.3045001	2004m7
-15.282667	32.336098	14.628859	2004m8
10.227815	31.633911	16.821609	2004m9
8.1693316	33.372807	27.826717	2004m10
-5.7426701	39.162533	14.557807	2004m11
-6.161016	40.295982	-1.2652146	2004m12
11.203744	34.571514	8.4870281	2005m1
4.6284428	35.088299	13.766046	2005m2
5.3421736	35.579781	27.544489	2005m3
4.8330269	35.709126	26.023825	2005m4
2.5546029	31.678585	21.519375	2005m5
-6.1856642	20.805542	34.658642	2005m6
-2.5840888	15.329085	40.869743	2005m7
.99203801	13.559321	50.765625	2005m8
-6.8307514	19.668682	49.653477	2005m9
1.601133	23.688148	43.350666	2005m10
7.8602366	22.364508	33.650406	2005m11
4.6624632	17.539812	35.446575	2005m12
-8.2525806	12.955454	44.221893	2006m1
-1.8235353	15.534344	38.656223	2006m2
-2.5772085	18.024582	43.150063	2006m3
1.6644006	15.89522	54.727493	2006m4
-7.1471128	15.075465	57.502426	2006m5
-1.5265194	17.602791	56.26862	2006m6
16.556261	21.046427	62.150967	2006m7
-5.2276344	26.976715	59.417294	2006m8
-4.7113547	29.892897	45.027512	2006m9
5.6058879	31.524391	37.170521	2006m10
-6.0633354	32.620686	37.07151	2006m11
-3.5839241	33.443607	40.696712	2006m12
-1.3939093	34.715996	30.111544	2007m1
2.9826303	34.870975	37.938107	2007m2
-1.2282079	37.503922	42.135815	2007m3
4.5789099	40.206738	48.918468	2007m4
-8.764245	43.335625	50.165489	2007m5
-4.5300169	39.702492	55.749458	2007m6
7.3054576	43.253674	63.745743	2007m7
-11.455108	47.054657	60.214855	2007m8
14.142312	50.869389	65.459709	2007m9
10.104911	56.806755	73.676384	2007m10
-3.0388198	57.274223	81.208618	2007m11
7.3158593	56.824303	78.11541	2007m12
